0 0 -9.81e-05
0 204.082 -6.25707e-05
0 408.163 3.81281e-05
0 612.245 0.00016443
0 816.327 0.000262919
0 1020.41 0.000290541
0 1224.49 0.000230072
0 1428.57 9.34475e-05
0 1632.65 -8.6074e-05
0 1836.73 -0.000269289
0 2040.82 -0.000426337
0 2244.9 -0.000544636
0 2448.98 -0.000627418
0 2653.06 -0.000686105
0 2857.14 -0.000732113
0 3061.22 -0.000772221
0 3265.31 -0.000807423
0 3469.39 -0.000832946
0 3673.47 -0.000839718
0 3877.55 -0.000819242
0 4081.63 -0.000769809
0 4285.71 -0.000699138
0 4489.8 -0.000621414
0 4693.88 -0.000551982
0 4897.96 -0.000504255
0 5102.04 -0.000488206
0 5306.12 -0.000507306
0 5510.2 -0.000556552
0 5714.29 -0.000625008
0 5918.37 -0.000699363
0 6122.45 -0.000765662
0 6326.53 -0.000812082
0 6530.61 -0.00083329
0 6734.69 -0.000832035
0 6938.78 -0.000815402
0 7142.86 -0.000788518
0 7346.94 -0.000751086
0 7551.02 -0.000698463
0 7755.1 -0.000624209
0 7959.18 -0.000522354
0 8163.27 -0.000390663
0 8367.35 -0.000235125
0 8571.43 -7.28574e-05
0 8775.51 7.01404e-05
0 8979.59 0.000167668
0 9183.67 0.000205437
0 9387.75 0.000189722
0 9591.84 0.000146505
0 9795.92 0.000110631
0 10000 0.000109113
204.082 0 -6.25707e-05
204.082 204.082 -4.75877e-05
204.082 408.163 1.75229e-05
204.082 612.245 9.63488e-05
204.082 816.327 0.000145073
204.082 1020.41 0.00013508
204.082 1224.49 6.41489e-05
204.082 1428.57 -4.5014e-05
204.082 1632.65 -0.000155776
204.082 1836.73 -0.000233561
204.082 2040.82 -0.000259299
204.082 2244.9 -0.000233928
204.082 2448.98 -0.000173277
204.082 2653.06 -9.77433e-05
204.082 2857.14 -2.28718e-05
204.082 3061.22 4.48299e-05
204.082 3265.31 0.000107087
204.082 3469.39 0.000171394
204.082 3673.47 0.000248122
204.082 3877.55 0.000345798
204.082 4081.63 0.000465481
204.082 4285.71 0.000597997
204.082 4489.8 0.00072674
204.082 4693.88 0.000833881
204.082 4897.96 0.000904462
204.082 5102.04 0.000927874
204.082 5306.12 0.000900669
204.082 5510.2 0.000828453
204.082 5714.29 0.00072314
204.082 5918.37 0.000599473
204.082 6122.45 0.000473286
204.082 6326.53 0.000357935
204.082 6530.61 0.000259431
204.082 6734.69 0.000175451
204.082 6938.78 9.94483e-05
204.082 7142.86 2.62026e-05
204.082 7346.94 -4.5421e-05
204.082 7551.02 -0.000112843
204.082 7755.1 -0.000170329
204.082 7959.18 -0.000209137
204.082 8163.27 -0.000219608
204.082 8367.35 -0.000195917
204.082 8571.43 -0.000141127
204.082 8775.51 -6.88925e-05
204.082 8979.59 7.70091e-07
204.082 9183.67 5.06081e-05
204.082 9387.75 7.4893e-05
204.082 9591.84 8.23564e-05
204.082 9795.92 9.15562e-05
204.082 10000 0.000119772
408.163 0 3.81281e-05
408.163 204.082 1.75229e-05
408.163 408.163 1.6532e-05
408.163 612.245 1.27815e-05
408.163 816.327 -1.30848e-05
408.163 1020.41 -6.38034e-05
408.163 1224.49 -0.000123573
408.163 1428.57 -0.000165388
408.163 1632.65 -0.000162529
408.163 1836.73 -0.000100057
408.163 2040.82 1.86889e-05
408.163 2244.9 0.000174109
408.163 2448.98 0.000339366
408.163 2653.06 0.000491207
408.163 2857.14 0.000617368
408.163 3061.22 0.000717669
408.163 3265.31 0.000799992
408.163 3469.39 0.000875202
408.163 3673.47 0.000953697
408.163 3877.55 0.00104281
408.163 4081.63 0.00114395
408.163 4285.71 0.00125071
408.163 4489.8 0.00135084
408.163 4693.88 0.00143158
408.163 4897.96 0.00148314
408.163 5102.04 0.00149914
408.163 5306.12 0.00147807
408.163 5510.2 0.00142441
408.163 5714.29 0.00134628
408.163 5918.37 0.00125306
408.163 6122.45 0.00115475
408.163 6326.53 0.00105936
408.163 6530.61 0.000969386
408.163 6734.69 0.000882128
408.163 6938.78 0.00079299
408.163 7142.86 0.000697901
408.163 7346.94 0.000593244
408.163 7551.02 0.000475411
408.163 7755.1 0.000342764
408.163 7959.18 0.000199378
408.163 8163.27 5.71678e-05
408.163 8367.35 -6.59921e-05
408.163 8571.43 -0.000151996
408.163 8775.51 -0.000189589
408.163 8979.59 -0.000178769
408.163 9183.67 -0.000130036
408.163 9387.75 -5.95557e-05
408.163 9591.84 1.72274e-05
408.163 9795.92 9.10454e-05
408.163 10000 0.000159774
612.245 0 0.00016443
612.245 204.082 9.63488e-05
612.245 408.163 1.27815e-05
612.245 612.245 -8.37664e-05
612.245 816.327 -0.000177783
612.245 1020.41 -0.00024315
612.245 1224.49 -0.000253394
612.245 1428.57 -0.000192634
612.245 1632.65 -6.18433e-05
612.245 1836.73 0.000120455
612.245 2040.82 0.000322963
612.245 2244.9 0.000511194
612.245 2448.98 0.000658196
612.245 2653.06 0.000751517
612.245 2857.14 0.000793864
612.245 3061.22 0.000797963
612.245 3265.31 0.00077881
612.245 3469.39 0.000747737
612.245 3673.47 0.000711143
612.245 3877.55 0.000672434
612.245 4081.63 0.00063364
612.245 4285.71 0.000595615
612.245 4489.8 0.000558968
612.245 4693.88 0.000526271
612.245 4897.96 0.000502109
612.245 5102.04 0.000490684
612.245 5306.12 0.000494801
612.245 5510.2 0.000515661
612.245 5714.29 0.000551321
612.245 5918.37 0.00059654
612.245 6122.45 0.000645092
612.245 6326.53 0.000691038
612.245 6530.61 0.000728995
612.245 6734.69 0.000755838
612.245 6938.78 0.000771843
612.245 7142.86 0.000777996
612.245 7346.94 0.000770521
612.245 7551.02 0.00073777
612.245 7755.1 0.000663416
612.245 7959.18 0.000535167
612.245 8163.27 0.000354645
612.245 8367.35 0.000142914
612.245 8571.43 -6.24506e-05
612.245 8775.51 -0.000218868
612.245 8979.59 -0.000293863
612.245 9183.67 -0.000277039
612.245 9387.75 -0.000184147
612.245 9591.84 -5.05975e-05
612.245 9795.92 8.41797e-05
612.245 10000 0.000193301
816.327 0 0.000262919
816.327 204.082 0.000145073
816.327 408.163 -1.30848e-05
816.327 612.245 -0.000177783
816.327 816.327 -0.0002985
816.327 1020.41 -0.000329867
816.327 1224.49 -0.000252526
816.327 1428.57 -8.16272e-05
816.327 1632.65 0.000139703
816.327 1836.73 0.000355892
816.327 2040.82 0.000516081
816.327 2244.9 0.000588244
816.327 2448.98 0.000565978
816.327 2653.06 0.000465431
816.327 2857.14 0.000314589
816.327 3061.22 0.000140418
816.327 3265.31 -4.07989e-05
816.327 3469.39 -0.000226173
816.327 3673.47 -0.00042141
816.327 3877.55 -0.00063244
816.327 4081.63 -0.000858945
816.327 4285.71 -0.00109184
816.327 4489.8 -0.00131345
816.327 4693.88 -0.00149987
816.327 4897.96 -0.00162659
816.327 5102.04 -0.00167515
816.327 5306.12 -0.00163712
816.327 5510.2 -0.00151574
816.327 5714.29 -0.00132658
816.327 5918.37 -0.00109514
816.327 6122.45 -0.000849954
816.327 6326.53 -0.000615095
816.327 6530.61 -0.000404638
816.327 6734.69 -0.000219507
816.327 6938.78 -4.89677e-05
816.327 7142.86 0.000120929
816.327 7346.94 0.000294512
816.327 7551.02 0.000456983
816.327 7755.1 0.00057525
816.327 7959.18 0.000610363
816.327 8163.27 0.000536896
816.327 8367.35 0.000360229
816.327 8571.43 0.000121732
816.327 8775.51 -0.000112648
816.327 8979.59 -0.000275787
816.327 9183.67 -0.000324854
816.327 9387.75 -0.000258264
816.327 9591.84 -0.000114779
816.327 9795.92 4.73159e-05
816.327 10000 0.000180064
1020.41 0 0.000290541
1020.41 204.082 0.00013508
1020.41 408.163 -6.38034e-05
1020.41 612.245 -0.00024315
1020.41 816.327 -0.000329867
1020.41 1020.41 -0.000279923
1020.41 1224.49 -0.000103018
1020.41 1428.57 0.000139956
1020.41 1632.65 0.00036277
1020.41 1836.73 0.000487227
1020.41 2040.82 0.0004687
1020.41 2244.9 0.0003068
1020.41 2448.98 3.95959e-05
1020.41 2653.06 -0.000275671
1020.41 2857.14 -0.000586233
1020.41 3061.22 -0.000861409
1020.41 3265.31 -0.00109861
1020.41 3469.39 -0.00131723
1020.41 3673.47 -0.00154471
1020.41 3877.55 -0.00180205
1020.41 4081.63 -0.00209461
1020.41 4285.71 -0.00240935
1020.41 4489.8 -0.00271721
1020.41 4693.88 -0.00297967
1020.41 4897.96 -0.00315895
1020.41 5102.04 -0.00322742
1020.41 5306.12 -0.00317296
1020.41 5510.2 -0.00300131
1020.41 5714.29 -0.0027367
1020.41 5918.37 -0.00241824
1020.41 6122.45 -0.00209006
1020.41 6326.53 -0.00178857
1020.41 6530.61 -0.00153191
1020.41 6734.69 -0.00131448
1020.41 6938.78 -0.00110921
1020.41 7142.86 -0.000879752
1020.41 7346.94 -0.000600505
1020.41 7551.02 -0.0002753
1020.41 7755.1 5.59156e-05
1020.41 7959.18 0.0003281
1020.41 8163.27 0.000477173
1020.41 8367.35 0.000470208
1020.41 8571.43 0.000324096
1020.41 8775.51 0.000102164
1020.41 8979.59 -0.000109695
1020.41 9183.67 -0.000237119
1020.41 9387.75 -0.000247297
1020.41 9591.84 -0.000159127
1020.41 9795.92 -2.63328e-05
1020.41 10000 9.66992e-05
1224.49 0 0.000230072
1224.49 204.082 6.41489e-05
1224.49 408.163 -0.000123573
1224.49 612.245 -0.000253394
1224.49 816.327 -0.000252526
1224.49 1020.41 -0.000103018
1224.49 1224.49 0.000140437
1224.49 1428.57 0.000372268
1224.49 1632.65 0.00048318
1224.49 1836.73 0.000406356
1224.49 2040.82 0.000141172
1224.49 2244.9 -0.000251557
1224.49 2448.98 -0.00067693
1224.49 2653.06 -0.00104339
1224.49 2857.14 -0.00129385
1224.49 3061.22 -0.0014187
1224.49 3265.31 -0.00144932
1224.49 3469.39 -0.00143832
1224.49 3673.47 -0.00143675
1224.49 3877.55 -0.001478
1224.49 4081.63 -0.00157203
1224.49 4285.71 -0.00170801
1224.49 4489.8 -0.00186128
1224.49 4693.88 -0.00200182
1224.49 4897.96 -0.00210255
1224.49 5102.04 -0.00214455
1224.49 5306.12 -0.00211873
1224.49 5510.2 -0.002027
1224.49 5714.29 -0.00188461
1224.49 5918.37 -0.00172043
1224.49 6122.45 -0.00157094
1224.49 6326.53 -0.00146868
1224.49 6530.61 -0.0014292
1224.49 6734.69 -0.00144099
1224.49 6938.78 -0.00146309
1224.49 7142.86 -0.00143516
1224.49 7346.94 -0.00130002
1224.49 7551.02 -0.00103098
1224.49 7755.1 -0.000650491
1224.49 7959.18 -0.000229004
1224.49 8163.27 0.000138252
1224.49 8367.35 0.000368426
1224.49 8571.43 0.00042443
1224.49 8775.51 0.000328222
1224.49 8979.59 0.000148924
1224.49 9183.67 -2.8439e-05
1224.49 9387.75 -0.000139614
1224.49 9591.84 -0.000164162
1224.49 9795.92 -0.000122691
1224.49 10000 -5.24513e-05
1428.57 0 9.34475e-05
1428.57 204.082 -4.5014e-05
1428.57 408.163 -0.000165388
1428.57 612.245 -0.000192634
1428.57 816.327 -8.16272e-05
1428.57 1020.41 0.000139956
1428.57 1224.49 0.000372268
1428.57 1428.57 0.00048828
1428.57 1632.65 0.000396538
1428.57 1836.73 8.68494e-05
1428.57 2040.82 -0.000363757
1428.57 2244.9 -0.000823701
1428.57 2448.98 -0.00115916
1428.57 2653.06 -0.00128178
1428.57 2857.14 -0.00117221
1428.57 3061.22 -0.000873964
1428.57 3265.31 -0.000465873
1428.57 3469.39 -2.8033e-05
1428.57 3673.47 0.000383944
1428.57 3877.55 0.000747019
1428.57 4081.63 0.00106243
1428.57 4285.71 0.00133907
1428.57 4489.8 0.00157867
1428.57 4693.88 0.00176997
1428.57 4897.96 0.00189316
1428.57 5102.04 0.00193068
1428.57 5306.12 0.00187798
1428.57 5510.2 0.00174683
1428.57 5714.29 0.00155814
1428.57 5918.37 0.00132934
1428.57 6122.45 0.00106464
1428.57 6326.53 0.000754608
1428.57 6530.61 0.000386779
1428.57 6734.69 -3.65996e-05
1428.57 6938.78 -0.000483224
1428.57 7142.86 -0.000888107
1428.57 7346.94 -0.00116887
1428.57 7551.02 -0.00125538
1428.57 7755.1 -0.00112068
1428.57 7959.18 -0.000798161
1428.57 8163.27 -0.000376027
1428.57 8367.35 3.11439e-05
1428.57 8571.43 0.000321998
1428.57 8775.51 0.000441771
1428.57 8979.59 0.00039587
1428.57 9183.67 0.000239014
1428.57 9387.75 4.6519e-05
1428.57 9591.84 -0.000116474
1428.57 9795.92 -0.000213467
1428.57 10000 -0.000237667
1632.65 0 -8.6074e-05
1632.65 204.082 -0.000155776
1632.65 408.163 -0.000162529
1632.65 612.245 -6.18433e-05
1632.65 816.327 0.000139703
1632.65 1020.41 0.00036277
1632.65 1224.49 0.00048318
1632.65 1428.57 0.000396538
1632.65 1632.65 8.11116e-05
1632.65 1836.73 -0.000378529
1632.65 2040.82 -0.0008215
1632.65 2244.9 -0.00107715
1632.65 2448.98 -0.00103239
1632.65 2653.06 -0.000668191
1632.65 2857.14 -5.33718e-05
1632.65 3061.22 0.000694424
1632.65 3265.31 0.00145891
1632.65 3469.39 0.00216607
1632.65 3673.47 0.002801
1632.65 3877.55 0.0033961
1632.65 4081.63 0.00399787
1632.65 4285.71 0.00462838
1632.65 4489.8 0.00525989
1632.65 4693.88 0.00581642
1632.65 4897.96 0.00620115
1632.65 5102.04 0.00633552
1632.65 5306.12 0.0061916
1632.65 5510.2 0.00580339
1632.65 5714.29 0.00525175
1632.65 5918.37 0.00463032
1632.65 6122.45 0.00400798
1632.65 6326.53 0.00340582
1632.65 6530.61 0.00280039
1632.65 6734.69 0.00215128
1632.65 6938.78 0.00143719
1632.65 7142.86 0.000682045
1632.65 7346.94 -4.07389e-05
1632.65 7551.02 -0.000628049
1632.65 7755.1 -0.000982323
1632.65 7959.18 -0.00104881
1632.65 8163.27 -0.000841815
1632.65 8367.35 -0.000448039
1632.65 8571.43 -2.72271e-06
1632.65 8775.51 0.000354154
1632.65 8979.59 0.000524253
1632.65 9183.67 0.000480489
1632.65 9387.75 0.00026891
1632.65 9591.84 -1.54459e-05
1632.65 9795.92 -0.000268359
1632.65 10000 -0.000416073
1836.73 0 -0.000269289
1836.73 204.082 -0.000233561
1836.73 408.163 -0.000100057
1836.73 612.245 0.000120455
1836.73 816.327 0.000355892
1836.73 1020.41 0.000487227
1836.73 1224.49 0.000406356
1836.73 1428.57 8.68494e-05
1836.73 1632.65 -0.000378529
1836.73 1836.73 -0.000802513
1836.73 2040.82 -0.000981987
1836.73 2244.9 -0.000788517
1836.73 2448.98 -0.000221841
1836.73 2653.06 0.00059754
1836.73 2857.14 0.00148478
1836.73 3061.22 0.00226319
1836.73 3265.31 0.00282297
1836.73 3469.39 0.00315063
1836.73 3673.47 0.00332442
1836.73 3877.55 0.00347793
1836.73 4081.63 0.00374201
1836.73 4285.71 0.00418406
1836.73 4489.8 0.00477081
1836.73 4693.88 0.00537631
1836.73 4897.96 0.00583322
1836.73 5102.04 0.0060031
1836.73 5306.12 0.00583405
1836.73 5510.2 0.00538158
1836.73 5714.29 0.00478452
1836.73 5918.37 0.00420613
1836.73 6122.45 0.00376586
1836.73 6326.53 0.00349247
1836.73 6530.61 0.00332042
1836.73 6734.69 0.00312818
1836.73 6938.78 0.00279499
1836.73 7142.86 0.00225072
1836.73 7346.94 0.00150464
1836.73 7551.02 0.000648681
1836.73 7755.1 -0.000163625
1836.73 7959.18 -0.000760472
1836.73 8163.27 -0.00101123
1836.73 8367.35 -0.000882827
1836.73 8571.43 -0.00046481
1836.73 8775.51 5.65868e-05
1836.73 8979.59 0.000469334
1836.73 9183.67 0.000620365
1836.73 9387.75 0.000475211
1836.73 9591.84 0.000124493
1836.73 9795.92 -0.000267577
1836.73 10000 -0.000547969
2040.82 0 -0.000426337
2040.82 204.082 -0.000259299
2040.82 408.163 1.86889e-05
2040.82 612.245 0.000322963
2040.82 816.327 0.000516081
2040.82 1020.41 0.0004687
2040.82 1224.49 0.000141172
2040.82 1428.57 -0.000363757
2040.82 1632.65 -0.0008215
2040.82 1836.73 -0.000981987
2040.82 2040.82 -0.00069377
2040.82 2244.9 1.48223e-05
2040.82 2448.98 0.000943256
2040.82 2653.06 0.00180441
2040.82 2857.14 0.00233361
2040.82 3061.22 0.00236659
2040.82 3265.31 0.00186773
2040.82 3469.39 0.00092154
2040.82 3673.47 -0.00029415
2040.82 3877.55 -0.00154867
2040.82 4081.63 -0.00261571
2040.82 4285.71 -0.00334074
2040.82 4489.8 -0.0038106
2040.82 4693.88 -0.00408529
2040.82 4897.96 -0.00422621
2040.82 5102.04 -0.00426598
2040.82 5306.12 -0.00421329
2040.82 5510.2 -0.00405919
2040.82 5714.29 -0.00377216
2040.82 5918.37 -0.00329466
2040.82 6122.45 -0.00257679
2040.82 6326.53 -0.00153049
2040.82 6530.61 -0.000304323
2040.82 6734.69 0.000888271
2040.82 6938.78 0.00183071
2040.82 7142.86 0.00235154
2040.82 7346.94 0.00235771
2040.82 7551.02 0.00186223
2040.82 7755.1 0.00100393
2040.82 7959.18 3.68698e-05
2040.82 8163.27 -0.000735284
2040.82 8367.35 -0.00107199
2040.82 8571.43 -0.000904447
2040.82 8775.51 -0.000374071
2040.82 8979.59 0.000231321
2040.82 9183.67 0.000616083
2040.82 9387.75 0.000618092
2040.82 9591.84 0.000276827
2040.82 9795.92 -0.000209308
2040.82 10000 -0.000609956
2244.9 0 -0.000544636
2244.9 204.082 -0.000233928
2244.9 408.163 0.000174109
2244.9 612.245 0.000511194
2244.9 816.327 0.000588244
2244.9 1020.41 0.0003068
2244.9 1224.49 -0.000251557
2244.9 1428.57 -0.000823701
2244.9 1632.65 -0.00107715
2244.9 1836.73 -0.000788517
2244.9 2040.82 1.48223e-05
2244.9 2244.9 0.00104156
2244.9 2448.98 0.0018629
2244.9 2653.06 0.00209638
2244.9 2857.14 0.00153327
2244.9 3061.22 0.000150739
2244.9 3265.31 -0.00195846
2244.9 3469.39 -0.00465746
2244.9 3673.47 -0.00778451
2244.9 3877.55 -0.00967823
2244.9 4081.63 -0.0105602
2244.9 4285.71 -0.0113461
2244.9 4489.8 -0.0120798
2244.9 4693.88 -0.0127044
2244.9 4897.96 -0.0131274
2244.9 5102.04 -0.0132724
2244.9 5306.12 -0.0131107
2244.9 5510.2 -0.0126729
2244.9 5714.29 -0.0120379
2244.9 5918.37 -0.0113013
2244.9 6122.45 -0.0105241
2244.9 6326.53 -0.00966509
2244.9 6530.61 -0.00780664
2244.9 6734.69 -0.00470567
2244.9 6938.78 -0.00200674
2244.9 7142.86 0.000131861
2244.9 7346.94 0.00155975
2244.9 7551.02 0.00215695
2244.9 7755.1 0.00191995
2244.9 7959.18 0.00105084
2244.9 8163.27 -4.37457e-05
2244.9 8367.35 -0.000888648
2244.9 8571.43 -0.00115249
2244.9 8775.51 -0.000807516
2244.9 8979.59 -0.000129632
2244.9 9183.67 0.000467815
2244.9 9387.75 0.000667781
2244.9 9591.84 0.000410859
2244.9 9795.92 -0.000108869
2244.9 10000 -0.000599641
2448.98 0 -0.000627418
2448.98 204.082 -0.000173277
2448.98 408.163 0.000339366
2448.98 612.245 0.000658196
2448.98 816.327 0.000565978
2448.98 1020.41 3.95959e-05
2448.98 1224.49 -0.00067693
2448.98 1428.57 -0.00115916
2448.98 1632.65 -0.00103239
2448.98 1836.73 -0.000221841
2448.98 2040.82 0.000943256
2448.98 2244.9 0.0018629
2448.98 2448.98 0.0019668
2448.98 2653.06 0.000985498
2448.98 2857.14 -0.000988869
2448.98 3061.22 -0.0036763
2448.98 3265.31 -0.00686824
2448.98 3469.39 -0.00876313
2448.98 3673.47 -0.00817724
2448.98 3877.55 -0.00780599
2448.98 4081.63 -0.00799833
2448.98 4285.71 -0.00874325
2448.98 4489.8 -0.00980936
2448.98 4693.88 -0.0108792
2448.98 4897.96 -0.0116556
2448.98 5102.04 -0.0119336
2448.98 5306.12 -0.0116413
2448.98 5510.2 -0.0108532
2448.98 5714.29 -0.00977686
2448.98 5918.37 -0.00871204
2448.98 6122.45 -0.00797833
2448.98 6326.53 -0.0078077
2448.98 6530.61 -0.00820829
2448.98 6734.69 -0.0088224
2448.98 6938.78 -0.00692711
2448.98 7142.86 -0.00369664
2448.98 7346.94 -0.000958473
2448.98 7551.02 0.00104766
2448.98 7755.1 0.002016
2448.98 7959.18 0.00185375
2448.98 8163.27 0.000863304
2448.98 8367.35 -0.000332751
2448.98 8571.43 -0.00109682
2448.98 8775.51 -0.00111156
2448.98 8979.59 -0.000520427
2448.98 9183.67 0.000212472
2448.98 9387.75 0.000618103
2448.98 9591.84 0.000501317
2448.98 9795.92 9.15101e-06
2448.98 10000 -0.000531397
2653.06 0 -0.000686105
2653.06 204.082 -9.77433e-05
2653.06 408.163 0.000491207
2653.06 612.245 0.000751517
2653.06 816.327 0.000465431
2653.06 1020.41 -0.000275671
2653.06 1224.49 -0.00104339
2653.06 1428.57 -0.00128178
2653.06 1632.65 -0.000668191
2653.06 1836.73 0.00059754
2653.06 2040.82 0.00180441
2653.06 2244.9 0.00209638
2653.06 2448.98 0.000985498
2653.06 2653.06 -0.00134174
2653.06 2857.14 -0.00416613
2653.06 3061.22 -0.00675358
2653.06 3265.31 -0.00451919
2653.06 3469.39 -0.000524127
2653.06 3673.47 0.00282223
2653.06 3877.55 0.00475369
2653.06 4081.63 0.00515348
2653.06 4285.71 0.00434381
2653.06 4489.8 0.00286664
2653.06 4693.88 0.00130395
2653.06 4897.96 0.000150413
2653.06 5102.04 -0.000268608
2653.06 5306.12 0.000159227
2653.06 5510.2 0.00131931
2653.06 5714.29 0.00288409
2653.06 5918.37 0.00435712
2653.06 6122.45 0.0051556
2653.06 6326.53 0.0047383
2653.06 6530.61 0.00278669
2653.06 6734.69 -0.000574782
2653.06 6938.78 -0.00456796
2653.06 7142.86 -0.00676778
2653.06 7346.94 -0.00412547
2653.06 7551.02 -0.00127513
2653.06 7755.1 0.00102598
2653.06 7959.18 0.00206594
2653.06 8163.27 0.00170094
2653.06 8367.35 0.000476497
2653.06 8571.43 -0.000718381
2653.06 8775.51 -0.00119919
2653.06 8979.59 -0.000851815
2653.06 9183.67 -9.50653e-05
2653.06 9387.75 0.000483702
2653.06 9591.84 0.000535344
2653.06 9795.92 0.000121492
2653.06 10000 -0.000426412
2857.14 0 -0.000732113
2857.14 204.082 -2.28718e-05
2857.14 408.163 0.000617368
2857.14 612.245 0.000793864
2857.14 816.327 0.000314589
2857.14 1020.41 -0.000586233
2857.14 1224.49 -0.00129385
2857.14 1428.57 -0.00117221
2857.14 1632.65 -5.33718e-05
2857.14 1836.73 0.00148478
2857.14 2040.82 0.00233361
2857.14 2244.9 0.00153327
2857.14 2448.98 -0.000988869
2857.14 2653.06 -0.00416613
2857.14 2857.14 -0.00630437
2857.14 3061.22 -0.000639009
2857.14 3265.31 0.00757393
2857.14 3469.39 0.0153633
2857.14 3673.47 0.0211611
2857.14 3877.55 0.0243867
2857.14 4081.63 0.025216
2857.14 4285.71 0.0242815
2857.14 4489.8 0.0224045
2857.14 4693.88 0.0203927
2857.14 4897.96 0.0189032
2857.14 5102.04 0.0183593
2857.14 5306.12 0.0189058
2857.14 5510.2 0.0203963
2857.14 5714.29 0.0224062
2857.14 5918.37 0.0242772
2857.14 6122.45 0.025202
2857.14 6326.53 0.0243606
2857.14 6530.61 0.0211244
2857.14 6734.69 0.0153233
2857.14 6938.78 0.00754631
2857.14 7142.86 -0.000631824
2857.14 7346.94 -0.006243
2857.14 7551.02 -0.00408874
2857.14 7755.1 -0.000954855
2857.14 7959.18 0.00148172
2857.14 8163.27 0.00220734
2857.14 8367.35 0.00135641
2857.14 8571.43 -8.51685e-05
2857.14 8775.51 -0.00105191
2857.14 8979.59 -0.00106889
2857.14 9183.67 -0.000404639
2857.14 9387.75 0.000290484
2857.14 9591.84 0.00051444
2857.14 9795.92 0.000214974
2857.14 10000 -0.000301911
3061.22 0 -0.000772221
3061.22 204.082 4.48299e-05
3061.22 408.163 0.000717669
3061.22 612.245 0.000797963
3061.22 816.327 0.000140418
3061.22 1020.41 -0.000861409
3061.22 1224.49 -0.0014187
3061.22 1428.57 -0.000873964
3061.22 1632.65 0.000694424
3061.22 1836.73 0.00226319
3061.22 2040.82 0.00236659
3061.22 2244.9 0.000150739
3061.22 2448.98 -0.0036763
3061.22 2653.06 -0.00675358
3061.22 2857.14 -0.000639009
3061.22 3061.22 0.010949
3061.22 3265.31 0.0235555
3061.22 3469.39 0.0344666
3061.22 3673.47 0.0422108
3061.22 3877.55 0.0464399
3061.22 4081.63 0.0475996
3061.22 4285.71 0.0465771
3061.22 4489.8 0.044409
3061.22 4693.88 0.0420707
3061.22 4897.96 0.0403376
3061.22 5102.04 0.0397028
3061.22 5306.12 0.0403346
3061.22 5510.2 0.0420638
3061.22 5714.29 0.0443968
3061.22 5918.37 0.046558
3061.22 6122.45 0.047573
3061.22 6326.53 0.0464068
3061.22 6530.61 0.0421755
3061.22 6734.69 0.0344383
3061.22 6938.78 0.0235478
3061.22 7142.86 0.0109777
3061.22 7346.94 -0.000565379
3061.22 7551.02 -0.00665825
3061.22 7755.1 -0.00364541
3061.22 7959.18 7.99607e-05
3061.22 8163.27 0.00222038
3061.22 8367.35 0.00213219
3061.22 8571.43 0.000686033
3061.22 8775.51 -0.00071378
3061.22 8979.59 -0.00116371
3061.22 9183.67 -0.00068749
3061.22 9387.75 6.41629e-05
3061.22 9591.84 0.000451079
3061.22 9795.92 0.000289611
3061.22 10000 -0.000164808
3265.31 0 -0.000807423
3265.31 204.082 0.000107087
3265.31 408.163 0.000799992
3265.31 612.245 0.00077881
3265.31 816.327 -4.07989e-05
3265.31 1020.41 -0.00109861
3265.31 1224.49 -0.00144932
3265.31 1428.57 -0.000465873
3265.31 1632.65 0.00145891
3265.31 1836.73 0.00282297
3265.31 2040.82 0.00186773
3265.31 2244.9 -0.00195846
3265.31 2448.98 -0.00686824
3265.31 2653.06 -0.00451919
3265.31 2857.14 0.00757393
3265.31 3061.22 0.0235555
3265.31 3265.31 0.0395329
3265.31 3469.39 0.0527825
3265.31 3673.47 0.061985
3265.31 3877.55 0.0669991
3265.31 4081.63 0.0684747
3265.31 4285.71 0.067477
3265.31 4489.8 0.0651862
3265.31 4693.88 0.0626854
3265.31 4897.96 0.0608247
3265.31 5102.04 0.0601409
3265.31 5306.12 0.060817
3265.31 5510.2 0.06267
3265.31 5714.29 0.065163
3265.31 5918.37 0.0674467
3265.31 6122.45 0.0684392
3265.31 6326.53 0.0669621
3265.31 6530.61 0.0619532
3265.31 6734.69 0.0527655
3265.31 6938.78 0.0395427
3265.31 7142.86 0.0236025
3265.31 7346.94 0.00765795
3265.31 7551.02 -0.00442378
3265.31 7755.1 -0.00683891
3265.31 7959.18 -0.00204718
3265.31 8163.27 0.00170478
3265.31 8367.35 0.0026946
3265.31 8571.43 0.00147904
3265.31 8775.51 -0.000264315
3265.31 8979.59 -0.00116875
3265.31 9183.67 -0.000941715
3265.31 9387.75 -0.000178562
3265.31 9591.84 0.000361822
3265.31 9795.92 0.000355275
3265.31 10000 -1.2138e-05
3469.39 0 -0.000832946
3469.39 204.082 0.000171394
3469.39 408.163 0.000875202
3469.39 612.245 0.000747737
3469.39 816.327 -0.000226173
3469.39 1020.41 -0.00131723
3469.39 1224.49 -0.00143832
3469.39 1428.57 -2.8033e-05
3469.39 1632.65 0.00216607
3469.39 1836.73 0.00315063
3469.39 2040.82 0.00092154
3469.39 2244.9 -0.00465746
3469.39 2448.98 -0.00876313
3469.39 2653.06 -0.000524127
3469.39 2857.14 0.0153633
3469.39 3061.22 0.0344666
3469.39 3265.31 0.0527825
3469.39 3469.39 0.0676628
3469.39 3673.47 0.0779306
3469.39 3877.55 0.0835916
3469.39 4081.63 0.0854238
3469.39 4285.71 0.0845945
3469.39 4489.8 0.0823615
3469.39 4693.88 0.079864
3469.39 4897.96 0.0779901
3469.39 5102.04 0.0772982
3469.39 5306.12 0.0779789
3469.39 5510.2 0.0798422
3469.39 5714.29 0.0823303
3469.39 5918.37 0.0845564
3469.39 6122.45 0.0853826
3469.39 6326.53 0.0835532
3469.39 6530.61 0.0779031
3469.39 6734.69 0.0676561
3469.39 6938.78 0.0528066
3469.39 7142.86 0.0345277
3469.39 7346.94 0.015455
3469.39 7551.02 -0.000432146
3469.39 7755.1 -0.00873941
3469.39 7959.18 -0.00476544
3469.39 8163.27 0.000743558
3469.39 8367.35 0.00302914
3469.39 8571.43 0.00221872
3469.39 8775.51 0.000215245
3469.39 8979.59 -0.00113726
3469.39 9183.67 -0.00118613
3469.39 9387.75 -0.000432754
3469.39 9591.84 0.000260903
3469.39 9795.92 0.000425263
3469.39 10000 0.000164188
3673.47 0 -0.000839718
3673.47 204.082 0.000248122
3673.47 408.163 0.000953697
3673.47 612.245 0.000711143
3673.47 816.327 -0.00042141
3673.47 1020.41 -0.00154471
3673.47 1224.49 -0.00143675
3673.47 1428.57 0.000383944
3673.47 1632.65 0.002801
3673.47 1836.73 0.00332442
3673.47 2040.82 -0.00029415
3673.47 2244.9 -0.00778451
3673.47 2448.98 -0.00817724
3673.47 2653.06 0.00282223
3673.47 2857.14 0.0211611
3673.47 3061.22 0.0422108
3673.47 3265.31 0.061985
3673.47 3469.39 0.0779306
3673.47 3673.47 0.0889721
3673.47 3877.55 0.0951973
3673.47 4081.63 0.0974424
3673.47 4285.71 0.0969138
3673.47 4489.8 0.0948944
3673.47 4693.88 0.0925395
3673.47 4897.96 0.090747
3673.47 5102.04 0.0900808
3673.47 5306.12 0.0907333
3673.47 5510.2 0.0925133
3673.47 5714.29 0.0948578
3673.47 5918.37 0.0968707
3673.47 6122.45 0.0973982
3673.47 6326.53 0.0951592
3673.47 6530.61 0.0889493
3673.47 6734.69 0.0779326
3673.47 6938.78 0.0620202
3673.47 7142.86 0.0422816
3673.47 7346.94 0.0212569
3673.47 7551.02 0.00290994
3673.47 7755.1 -0.00816144
3673.47 7959.18 -0.00791635
3673.47 8163.27 -0.000487917
3673.47 8367.35 0.00321181
3673.47 8571.43 0.00288803
3673.47 8775.51 0.000667638
3673.47 8979.59 -0.00112056
3673.47 9183.67 -0.00144653
3673.47 9387.75 -0.000700931
3673.47 9591.84 0.000157943
3673.47 9795.92 0.000511128
3673.47 10000 0.000372051
3877.55 0 -0.000819242
3877.55 204.082 0.000345798
3877.55 408.163 0.00104281
3877.55 612.245 0.000672434
3877.55 816.327 -0.00063244
3877.55 1020.41 -0.00180205
3877.55 1224.49 -0.001478
3877.55 1428.57 0.000747019
3877.55 1632.65 0.0033961
3877.55 1836.73 0.00347793
3877.55 2040.82 -0.00154867
3877.55 2244.9 -0.00967823
3877.55 2448.98 -0.00780599
3877.55 2653.06 0.00475369
3877.55 2857.14 0.0243867
3877.55 3061.22 0.0464399
3877.55 3265.31 0.0669991
3877.55 3469.39 0.0835916
3877.55 3673.47 0.0951973
3877.55 3877.55 0.10193
3877.55 4081.63 0.10463
3877.55 4285.71 0.104496
3877.55 4489.8 0.1028
3877.55 4693.88 0.100685
3877.55 4897.96 0.0990397
3877.55 5102.04 0.0984228
3877.55 5306.12 0.0990244
3877.55 5510.2 0.100656
3877.55 5714.29 0.10276
3877.55 5918.37 0.10445
3877.55 6122.45 0.104584
3877.55 6326.53 0.101893
3877.55 6530.61 0.0951788
3877.55 6734.69 0.0836006
3877.55 6938.78 0.0670422
3877.55 7142.86 0.0465168
3877.55 7346.94 0.0244832
3877.55 7551.02 0.00483539
3877.55 7755.1 -0.00779858
3877.55 7959.18 -0.00981728
3877.55 8163.27 -0.00176111
3877.55 8367.35 0.00337364
3877.55 8571.43 0.00351664
3877.55 8775.51 0.00106794
3877.55 8979.59 -0.00115202
3877.55 9183.67 -0.00174152
3877.55 9387.75 -0.000985168
3877.55 9591.84 5.93893e-05
3877.55 9795.92 0.00061976
3877.55 10000 0.000614463
4081.63 0 -0.000769809
4081.63 204.082 0.000465481
4081.63 408.163 0.00114395
4081.63 612.245 0.00063364
4081.63 816.327 -0.000858945
4081.63 1020.41 -0.00209461
4081.63 1224.49 -0.00157203
4081.63 1428.57 0.00106243
4081.63 1632.65 0.00399787
4081.63 1836.73 0.00374201
4081.63 2040.82 -0.00261571
4081.63 2244.9 -0.0105602
4081.63 2448.98 -0.00799833
4081.63 2653.06 0.00515348
4081.63 2857.14 0.025216
4081.63 3061.22 0.0475996
4081.63 3265.31 0.0684747
4081.63 3469.39 0.0854238
4081.63 3673.47 0.0974424
4081.63 3877.55 0.10463
4081.63 4081.63 0.107795
4081.63 4285.71 0.108101
4081.63 4489.8 0.106784
4081.63 4693.88 0.10496
4081.63 4897.96 0.103497
4081.63 5102.04 0.102942
4081.63 5306.12 0.103481
4081.63 5510.2 0.104929
4081.63 5714.29 0.106742
4081.63 5918.37 0.108054
4081.63 6122.45 0.107749
4081.63 6326.53 0.104595
4081.63 6530.61 0.0974278
4081.63 6734.69 0.0854381
4081.63 6938.78 0.0685232
4081.63 7142.86 0.0476795
4081.63 7346.94 0.0253108
4081.63 7551.02 0.00522776
4081.63 7755.1 -0.00800025
4081.63 7959.18 -0.0106982
4081.63 8163.27 -0.00285042
4081.63 8367.35 0.00364362
4081.63 8571.43 0.00414858
4081.63 8775.51 0.00141568
4081.63 8979.59 -0.00124115
4081.63 9183.67 -0.00207351
4081.63 9387.75 -0.00128101
4081.63 9591.84 -3.00651e-05
4081.63 9795.92 0.000750974
4081.63 10000 0.000885295
4285.71 0 -0.000699138
4285.71 204.082 0.000597997
4285.71 408.163 0.00125071
4285.71 612.245 0.000595615
4285.71 816.327 -0.00109184
4285.71 1020.41 -0.00240935
4285.71 1224.49 -0.00170801
4285.71 1428.57 0.00133907
4285.71 1632.65 0.00462838
4285.71 1836.73 0.00418406
4285.71 2040.82 -0.00334074
4285.71 2244.9 -0.0113461
4285.71 2448.98 -0.00874325
4285.71 2653.06 0.00434381
4285.71 2857.14 0.0242815
4285.71 3061.22 0.0465771
4285.71 3265.31 0.067477
4285.71 3469.39 0.0845945
4285.71 3673.47 0.0969138
4285.71 3877.55 0.104496
4285.71 4081.63 0.108101
4285.71 4285.71 0.10884
4285.71 4489.8 0.107907
4285.71 4693.88 0.106382
4285.71 4897.96 0.105108
4285.71 5102.04 0.104617
4285.71 5306.12 0.105091
4285.71 5510.2 0.106351
4285.71 5714.29 0.107865
4285.71 5918.37 0.108793
4285.71 6122.45 0.108056
4285.71 6326.53 0.104463
4285.71 6530.61 0.0969025
4285.71 6734.69 0.0846128
4285.71 6938.78 0.0675289
4285.71 7142.86 0.046658
4285.71 7346.94 0.0243731
4285.71 7551.02 0.00441017
4285.71 7755.1 -0.00875481
4285.71 7959.18 -0.0114863
4285.71 8163.27 -0.00360016
4285.71 8367.35 0.00408837
4285.71 8571.43 0.00480417
4285.71 8775.51 0.0017186
4285.71 8979.59 -0.00137625
4285.71 9183.67 -0.00242633
4285.71 9387.75 -0.00157552
4285.71 9591.84 -0.000107835
4285.71 9795.92 0.000895316
4285.71 10000 0.00116654
4489.8 0 -0.000621414
4489.8 204.082 0.00072674
4489.8 408.163 0.00135084
4489.8 612.245 0.000558968
4489.8 816.327 -0.00131345
4489.8 1020.41 -0.00271721
4489.8 1224.49 -0.00186128
4489.8 1428.57 0.00157867
4489.8 1632.65 0.00525989
4489.8 1836.73 0.00477081
4489.8 2040.82 -0.0038106
4489.8 2244.9 -0.0120798
4489.8 2448.98 -0.00980936
4489.8 2653.06 0.00286664
4489.8 2857.14 0.0224045
4489.8 3061.22 0.044409
4489.8 3265.31 0.0651862
4489.8 3469.39 0.0823615
4489.8 3673.47 0.0948944
4489.8 3877.55 0.1028
4489.8 4081.63 0.106784
4489.8 4285.71 0.107907
4489.8 4489.8 0.107318
4489.8 4693.88 0.106063
4489.8 4897.96 0.10496
4489.8 5102.04 0.104528
4489.8 5306.12 0.104943
4489.8 5510.2 0.106031
4489.8 5714.29 0.107275
4489.8 5918.37 0.10786
4489.8 6122.45 0.10674
4489.8 6326.53 0.102769
4489.8 6530.61 0.0948856
4489.8 6734.69 0.0823826
4489.8 6938.78 0.0652401
4489.8 7142.86 0.0444899
4489.8 7346.94 0.0224926
4489.8 7551.02 0.00292565
4489.8 7755.1 -0.0098298
4489.8 7959.18 -0.012224
4489.8 8163.27 -0.00406314
4489.8 8367.35 0.00467509
4489.8 8571.43 0.0054548
4489.8 8775.51 0.00197791
4489.8 8979.59 -0.0015314
4489.8 9183.67 -0.00276788
4489.8 9387.75 -0.00184798
4489.8 9591.84 -0.000173186
4489.8 9795.92 0.00103521
4489.8 10000 0.00143014
4693.88 0 -0.000551982
4693.88 204.082 0.000833881
4693.88 408.163 0.00143158
4693.88 612.245 0.000526271
4693.88 816.327 -0.00149987
4693.88 1020.41 -0.00297967
4693.88 1224.49 -0.00200182
4693.88 1428.57 0.00176997
4693.88 1632.65 0.00581642
4693.88 1836.73 0.00537631
4693.88 2040.82 -0.00408529
4693.88 2244.9 -0.0127044
4693.88 2448.98 -0.0108792
4693.88 2653.06 0.00130395
4693.88 2857.14 0.0203927
4693.88 3061.22 0.0420707
4693.88 3265.31 0.0626854
4693.88 3469.39 0.079864
4693.88 3673.47 0.0925395
4693.88 3877.55 0.100685
4693.88 4081.63 0.10496
4693.88 4285.71 0.106382
4693.88 4489.8 0.106063
4693.88 4693.88 0.10502
4693.88 4897.96 0.104052
4693.88 5102.04 0.103666
4693.88 5306.12 0.104035
4693.88 5510.2 0.104988
4693.88 5714.29 0.10602
4693.88 5918.37 0.106335
4693.88 6122.45 0.104917
4693.88 6326.53 0.100655
4693.88 6530.61 0.0925326
4693.88 6734.69 0.079887
4693.88 6938.78 0.0627405
4693.88 7142.86 0.0421511
4693.88 7346.94 0.0204777
4693.88 7551.02 0.00135707
4693.88 7755.1 -0.0109067
4693.88 7959.18 -0.0128526
4693.88 8163.27 -0.00433207
4693.88 8367.35 0.00527901
4693.88 8571.43 0.0060244
4693.88 8775.51 0.00218251
4693.88 8979.59 -0.00167511
4693.88 9183.67 -0.00305698
4693.88 9387.75 -0.00207242
4693.88 9591.84 -0.000224856
4693.88 9795.92 0.00115087
4693.88 10000 0.00164519
4897.96 0 -0.000504255
4897.96 204.082 0.000904462
4897.96 408.163 0.00148314
4897.96 612.245 0.000502109
4897.96 816.327 -0.00162659
4897.96 1020.41 -0.00315895
4897.96 1224.49 -0.00210255
4897.96 1428.57 0.00189316
4897.96 1632.65 0.00620115
4897.96 1836.73 0.00583322
4897.96 2040.82 -0.00422621
4897.96 2244.9 -0.0131274
4897.96 2448.98 -0.0116556
4897.96 2653.06 0.000150413
4897.96 2857.14 0.0189032
4897.96 3061.22 0.0403376
4897.96 3265.31 0.0608247
4897.96 3469.39 0.0779901
4897.96 3673.47 0.090747
4897.96 3877.55 0.0990397
4897.96 4081.63 0.103497
4897.96 4285.71 0.105108
4897.96 4489.8 0.10496
4897.96 4693.88 0.104052
4897.96 4897.96 0.103171
4897.96 5102.04 0.102814
4897.96 5306.12 0.103154
4897.96 5510.2 0.10402
4897.96 5714.29 0.104917
4897.96 5918.37 0.105062
4897.96 6122.45 0.103455
4897.96 6326.53 0.099011
4897.96 6530.61 0.0907413
4897.96 6734.69 0.0780142
4897.96 6938.78 0.0608804
4897.96 7142.86 0.0404175
4897.96 7346.94 0.0189861
4897.96 7551.02 0.000199804
4897.96 7755.1 -0.0116876
4897.96 7959.18 -0.0132783
4897.96 8163.27 -0.00447049
4897.96 8367.35 0.00573419
4897.96 8571.43 0.00641652
4897.96 8775.51 0.00231306
4897.96 8979.59 -0.00177883
4897.96 9183.67 -0.00325362
4897.96 9387.75 -0.00222287
4897.96 9591.84 -0.000259879
4897.96 9795.92 0.00122607
4897.96 10000 0.00178534
5102.04 0 -0.000488206
5102.04 204.082 0.000927874
5102.04 408.163 0.00149914
5102.04 612.245 0.000490684
5102.04 816.327 -0.00167515
5102.04 1020.41 -0.00322742
5102.04 1224.49 -0.00214455
5102.04 1428.57 0.00193068
5102.04 1632.65 0.00633552
5102.04 1836.73 0.0060031
5102.04 2040.82 -0.00426598
5102.04 2244.9 -0.0132724
5102.04 2448.98 -0.0119336
5102.04 2653.06 -0.000268608
5102.04 2857.14 0.0183593
5102.04 3061.22 0.0397028
5102.04 3265.31 0.0601409
5102.04 3469.39 0.0772982
5102.04 3673.47 0.0900808
5102.04 3877.55 0.0984228
5102.04 4081.63 0.102942
5102.04 4285.71 0.104617
5102.04 4489.8 0.104528
5102.04 4693.88 0.103666
5102.04 4897.96 0.102814
5102.04 5102.04 0.102468
5102.04 5306.12 0.102797
5102.04 5510.2 0.103634
5102.04 5714.29 0.104485
5102.04 5918.37 0.104571
5102.04 6122.45 0.1029
5102.04 6326.53 0.0983945
5102.04 6530.61 0.0900756
5102.04 6734.69 0.0773228
5102.04 6938.78 0.0601969
5102.04 7142.86 0.0397826
5102.04 7346.94 0.0184416
5102.04 7551.02 -0.000220408
5102.04 7755.1 -0.0119671
5102.04 7959.18 -0.0134243
5102.04 8163.27 -0.00450957
5102.04 8367.35 0.00590325
5102.04 8571.43 0.00655305
5102.04 8775.51 0.00235259
5102.04 8979.59 -0.00182243
5102.04 9183.67 -0.00332853
5102.04 9387.75 -0.00227983
5102.04 9591.84 -0.000274977
5102.04 9795.92 0.00125052
5102.04 10000 0.00183313
5306.12 0 -0.000507306
5306.12 204.082 0.000900669
5306.12 408.163 0.00147807
5306.12 612.245 0.000494801
5306.12 816.327 -0.00163712
5306.12 1020.41 -0.00317296
5306.12 1224.49 -0.00211873
5306.12 1428.57 0.00187798
5306.12 1632.65 0.0061916
5306.12 1836.73 0.00583405
5306.12 2040.82 -0.00421329
5306.12 2244.9 -0.0131107
5306.12 2448.98 -0.0116413
5306.12 2653.06 0.000159227
5306.12 2857.14 0.0189058
5306.12 3061.22 0.0403346
5306.12 3265.31 0.060817
5306.12 3469.39 0.0779789
5306.12 3673.47 0.0907333
5306.12 3877.55 0.0990244
5306.12 4081.63 0.103481
5306.12 4285.71 0.105091
5306.12 4489.8 0.104943
5306.12 4693.88 0.104035
5306.12 4897.96 0.103154
5306.12 5102.04 0.102797
5306.12 5306.12 0.103136
5306.12 5510.2 0.104003
5306.12 5714.29 0.1049
5306.12 5918.37 0.105045
5306.12 6122.45 0.103439
5306.12 6326.53 0.098996
5306.12 6530.61 0.0907279
5306.12 6734.69 0.0780033
5306.12 6938.78 0.060873
5306.12 7142.86 0.0404148
5306.12 7346.94 0.0189891
5306.12 7551.02 0.000208868
5306.12 7755.1 -0.0116731
5306.12 7959.18 -0.0132615
5306.12 8163.27 -0.00445759
5306.12 8367.35 0.00573469
5306.12 8571.43 0.00640632
5306.12 8775.51 0.00229693
5306.12 8979.59 -0.00179618
5306.12 9183.67 -0.0032688
5306.12 9387.75 -0.00223429
5306.12 9591.84 -0.000267445
5306.12 9795.92 0.0012216
5306.12 10000 0.00178302
5510.2 0 -0.000556552
5510.2 204.082 0.000828453
5510.2 408.163 0.00142441
5510.2 612.245 0.000515661
5510.2 816.327 -0.00151574
5510.2 1020.41 -0.00300131
5510.2 1224.49 -0.002027
5510.2 1428.57 0.00174683
5510.2 1632.65 0.00580339
5510.2 1836.73 0.00538158
5510.2 2040.82 -0.00405919
5510.2 2244.9 -0.0126729
5510.2 2448.98 -0.0108532
5510.2 2653.06 0.00131931
5510.2 2857.14 0.0203963
5510.2 3061.22 0.0420638
5510.2 3265.31 0.06267
5510.2 3469.39 0.0798422
5510.2 3673.47 0.0925133
5510.2 3877.55 0.100656
5510.2 4081.63 0.104929
5510.2 4285.71 0.106351
5510.2 4489.8 0.106031
5510.2 4693.88 0.104988
5510.2 4897.96 0.10402
5510.2 5102.04 0.103634
5510.2 5306.12 0.104003
5510.2 5510.2 0.104955
5510.2 5714.29 0.105988
5510.2 5918.37 0.106304
5510.2 6122.45 0.104887
5510.2 6326.53 0.100627
5510.2 6530.61 0.092507
5510.2 6734.69 0.0798658
5510.2 6938.78 0.0627256
5510.2 7142.86 0.0421447
5510.2 7346.94 0.0204818
5510.2 7551.02 0.00137282
5510.2 7755.1 -0.0108805
5510.2 7959.18 -0.0128209
5510.2 8163.27 -0.00430614
5510.2 8367.35 0.00528366
5510.2 8571.43 0.0060103
5510.2 8775.51 0.00215788
5510.2 8979.59 -0.00170208
5510.2 9183.67 -0.00308038
5510.2 9387.75 -0.00208953
5510.2 9591.84 -0.000235619
5510.2 9795.92 0.00114507
5510.2 10000 0.00164265
5714.29 0 -0.000625008
5714.29 204.082 0.00072314
5714.29 408.163 0.00134628
5714.29 612.245 0.000551321
5714.29 816.327 -0.00132658
5714.29 1020.41 -0.0027367
5714.29 1224.49 -0.00188461
5714.29 1428.57 0.00155814
5714.29 1632.65 0.00525175
5714.29 1836.73 0.00478452
5714.29 2040.82 -0.00377216
5714.29 2244.9 -0.0120379
5714.29 2448.98 -0.00977686
5714.29 2653.06 0.00288409
5714.29 2857.14 0.0224062
5714.29 3061.22 0.0443968
5714.29 3265.31 0.065163
5714.29 3469.39 0.0823303
5714.29 3673.47 0.0948578
5714.29 3877.55 0.10276
5714.29 4081.63 0.106742
5714.29 4285.71 0.107865
5714.29 4489.8 0.107275
5714.29 4693.88 0.10602
5714.29 4897.96 0.104917
5714.29 5102.04 0.104485
5714.29 5306.12 0.1049
5714.29 5510.2 0.105988
5714.29 5714.29 0.107233
5714.29 5918.37 0.107818
5714.29 6122.45 0.106699
5714.29 6326.53 0.10273
5714.29 6530.61 0.0948499
5714.29 6734.69 0.0823522
5714.29 6938.78 0.0652177
5714.29 7142.86 0.0444783
5714.29 7346.94 0.0224948
5714.29 7551.02 0.00294342
5714.29 7755.1 -0.00979718
5714.29 7959.18 -0.0121822
5714.29 8163.27 -0.00402518
5714.29 8367.35 0.00468801
5714.29 8571.43 0.00544561
5714.29 8775.51 0.00195606
5714.29 8979.59 -0.00155627
5714.29 9183.67 -0.00278885
5714.29 9387.75 -0.00186201
5714.29 9591.84 -0.00018046
5714.29 9795.92 0.00103281
5714.29 10000 0.00143054
5918.37 0 -0.000699363
5918.37 204.082 0.000599473
5918.37 408.163 0.00125306
5918.37 612.245 0.00059654
5918.37 816.327 -0.00109514
5918.37 1020.41 -0.00241824
5918.37 1224.49 -0.00172043
5918.37 1428.57 0.00132934
5918.37 1632.65 0.00463032
5918.37 1836.73 0.00420613
5918.37 2040.82 -0.00329466
5918.37 2244.9 -0.0113013
5918.37 2448.98 -0.00871204
5918.37 2653.06 0.00435712
5918.37 2857.14 0.0242772
5918.37 3061.22 0.046558
5918.37 3265.31 0.0674467
5918.37 3469.39 0.0845564
5918.37 3673.47 0.0968707
5918.37 3877.55 0.10445
5918.37 4081.63 0.108054
5918.37 4285.71 0.108793
5918.37 4489.8 0.10786
5918.37 4693.88 0.106335
5918.37 4897.96 0.105062
5918.37 5102.04 0.104571
5918.37 5306.12 0.105045
5918.37 5510.2 0.106304
5918.37 5714.29 0.107818
5918.37 5918.37 0.108746
5918.37 6122.45 0.10801
5918.37 6326.53 0.104418
5918.37 6530.61 0.0968604
5918.37 6734.69 0.0845756
5918.37 6938.78 0.0674993
5918.37 7142.86 0.0466395
5918.37 7346.94 0.0243692
5918.37 7551.02 0.00442351
5918.37 7755.1 -0.0087239
5918.37 7959.18 -0.0114422
5918.37 8163.27 -0.00355498
5918.37 8367.35 0.00410976
5918.37 8571.43 0.00480563
5918.37 8775.51 0.00170845
5918.37 8979.59 -0.00138916
5918.37 9183.67 -0.00243571
5918.37 9387.75 -0.00157891
5918.37 9591.84 -0.000105956
5918.37 9795.92 0.000900238
5918.37 10000 0.00117235
6122.45 0 -0.000765662
6122.45 204.082 0.000473286
6122.45 408.163 0.00115475
6122.45 612.245 0.000645092
6122.45 816.327 -0.000849954
6122.45 1020.41 -0.00209006
6122.45 1224.49 -0.00157094
6122.45 1428.57 0.00106464
6122.45 1632.65 0.00400798
6122.45 1836.73 0.00376586
6122.45 2040.82 -0.00257679
6122.45 2244.9 -0.0105241
6122.45 2448.98 -0.00797833
6122.45 2653.06 0.0051556
6122.45 2857.14 0.025202
6122.45 3061.22 0.047573
6122.45 3265.31 0.0684392
6122.45 3469.39 0.0853826
6122.45 3673.47 0.0973982
6122.45 3877.55 0.104584
6122.45 4081.63 0.107749
6122.45 4285.71 0.108056
6122.45 4489.8 0.10674
6122.45 4693.88 0.104917
6122.45 4897.96 0.103455
6122.45 5102.04 0.1029
6122.45 5306.12 0.103439
6122.45 5510.2 0.104887
6122.45 5714.29 0.106699
6122.45 5918.37 0.10801
6122.45 6122.45 0.107705
6122.45 6326.53 0.10455
6122.45 6530.61 0.0973846
6122.45 6734.69 0.0853978
6122.45 6938.78 0.0684882
6122.45 7142.86 0.0476532
6122.45 7346.94 0.0252967
6122.45 7551.02 0.00522936
6122.45 7755.1 -0.00798119
6122.45 7959.18 -0.0106633
6122.45 8163.27 -0.00281252
6122.45 8367.35 0.00366731
6122.45 8571.43 0.00415929
6122.45 8775.51 0.00141888
6122.45 8979.59 -0.00123913
6122.45 9183.67 -0.00206831
6122.45 9387.75 -0.00127148
6122.45 9591.84 -1.76322e-05
6122.45 9795.92 0.000763856
6122.45 10000 0.000896635
6326.53 0 -0.000812082
6326.53 204.082 0.000357935
6326.53 408.163 0.00105936
6326.53 612.245 0.000691038
6326.53 816.327 -0.000615095
6326.53 1020.41 -0.00178857
6326.53 1224.49 -0.00146868
6326.53 1428.57 0.000754608
6326.53 1632.65 0.00340582
6326.53 1836.73 0.00349247
6326.53 2040.82 -0.00153049
6326.53 2244.9 -0.00966509
6326.53 2448.98 -0.0078077
6326.53 2653.06 0.0047383
6326.53 2857.14 0.0243606
6326.53 3061.22 0.0464068
6326.53 3265.31 0.0669621
6326.53 3469.39 0.0835532
6326.53 3673.47 0.0951592
6326.53 3877.55 0.101893
6326.53 4081.63 0.104595
6326.53 4285.71 0.104463
6326.53 4489.8 0.102769
6326.53 4693.88 0.100655
6326.53 4897.96 0.099011
6326.53 5102.04 0.0983945
6326.53 5306.12 0.098996
6326.53 5510.2 0.100627
6326.53 5714.29 0.10273
6326.53 5918.37 0.104418
6326.53 6122.45 0.10455
6326.53 6326.53 0.101857
6326.53 6530.61 0.0951417
6326.53 6734.69 0.0835628
6326.53 6938.78 0.0670054
6326.53 7142.86 0.0464835
6326.53 7346.94 0.0244565
6326.53 7551.02 0.00481882
6326.53 7755.1 -0.00780187
6326.53 7959.18 -0.00980582
6326.53 8163.27 -0.00174355
6326.53 8367.35 0.003389
6326.53 8571.43 0.0035283
6326.53 8775.51 0.00107793
6326.53 8979.59 -0.00114061
6326.53 9183.67 -0.00172681
6326.53 9387.75 -0.000967491
6326.53 9591.84 7.79619e-05
6326.53 9795.92 0.000636751
6326.53 10000 0.000628205
6530.61 0 -0.00083329
6530.61 204.082 0.000259431
6530.61 408.163 0.000969386
6530.61 612.245 0.000728995
6530.61 816.327 -0.000404638
6530.61 1020.41 -0.00153191
6530.61 1224.49 -0.0014292
6530.61 1428.57 0.000386779
6530.61 1632.65 0.00280039
6530.61 1836.73 0.00332042
6530.61 2040.82 -0.000304323
6530.61 2244.9 -0.00780664
6530.61 2448.98 -0.00820829
6530.61 2653.06 0.00278669
6530.61 2857.14 0.0211244
6530.61 3061.22 0.0421755
6530.61 3265.31 0.0619532
6530.61 3469.39 0.0779031
6530.61 3673.47 0.0889493
6530.61 3877.55 0.0951788
6530.61 4081.63 0.0974278
6530.61 4285.71 0.0969025
6530.61 4489.8 0.0948856
6530.61 4693.88 0.0925326
6530.61 4897.96 0.0907413
6530.61 5102.04 0.0900756
6530.61 5306.12 0.0907279
6530.61 5510.2 0.092507
6530.61 5714.29 0.0948499
6530.61 5918.37 0.0968604
6530.61 6122.45 0.0973846
6530.61 6326.53 0.0951417
6530.61 6530.61 0.0889271
6530.61 6734.69 0.0779054
6530.61 6938.78 0.0619881
6530.61 7142.86 0.0422457
6530.61 7346.94 0.0212188
6530.61 7551.02 0.00287264
6530.61 7755.1 -0.00819445
6530.61 7959.18 -0.00793986
6530.61 8163.27 -0.000497706
6530.61 8367.35 0.00320985
6530.61 8571.43 0.00289053
6530.61 8775.51 0.000673707
6530.61 8979.59 -0.00111069
6530.61 9183.67 -0.00143304
6530.61 9387.75 -0.000685171
6530.61 9591.84 0.000173747
6530.61 9795.92 0.000524859
6530.61 10000 0.000382554
6734.69 0 -0.000832035
6734.69 204.082 0.000175451
6734.69 408.163 0.000882128
6734.69 612.245 0.000755838
6734.69 816.327 -0.000219507
6734.69 1020.41 -0.00131448
6734.69 1224.49 -0.00144099
6734.69 1428.57 -3.65996e-05
6734.69 1632.65 0.00215128
6734.69 1836.73 0.00312818
6734.69 2040.82 0.000888271
6734.69 2244.9 -0.00470567
6734.69 2448.98 -0.0088224
6734.69 2653.06 -0.000574782
6734.69 2857.14 0.0153233
6734.69 3061.22 0.0344383
6734.69 3265.31 0.0527655
6734.69 3469.39 0.0676561
6734.69 3673.47 0.0779326
6734.69 3877.55 0.0836006
6734.69 4081.63 0.0854381
6734.69 4285.71 0.0846128
6734.69 4489.8 0.0823826
6734.69 4693.88 0.079887
6734.69 4897.96 0.0780142
6734.69 5102.04 0.0773228
6734.69 5306.12 0.0780033
6734.69 5510.2 0.0798658
6734.69 5714.29 0.0823522
6734.69 5918.37 0.0845756
6734.69 6122.45 0.0853978
6734.69 6326.53 0.0835628
6734.69 6530.61 0.0779054
6734.69 6734.69 0.0676492
6734.69 6938.78 0.0527889
6734.69 7142.86 0.034498
6734.69 7346.94 0.0154132
6734.69 7551.02 -0.00048477
6734.69 7755.1 -0.00880028
6734.69 7959.18 -0.00481369
6734.69 8163.27 0.000712031
6734.69 8367.35 0.00300979
6734.69 8571.43 0.00220753
6734.69 8775.51 0.000209653
6734.69 8979.59 -0.00113864
6734.69 9183.67 -0.00118438
6734.69 9387.75 -0.000429243
6734.69 9591.84 0.000264647
6734.69 9795.92 0.000428074
6734.69 10000 0.000165698
6938.78 0 -0.000815402
6938.78 204.082 9.94483e-05
6938.78 408.163 0.00079299
6938.78 612.245 0.000771843
6938.78 816.327 -4.89677e-05
6938.78 1020.41 -0.00110921
6938.78 1224.49 -0.00146309
6938.78 1428.57 -0.000483224
6938.78 1632.65 0.00143719
6938.78 1836.73 0.00279499
6938.78 2040.82 0.00183071
6938.78 2244.9 -0.00200674
6938.78 2448.98 -0.00692711
6938.78 2653.06 -0.00456796
6938.78 2857.14 0.00754631
6938.78 3061.22 0.0235478
6938.78 3265.31 0.0395427
6938.78 3469.39 0.0528066
6938.78 3673.47 0.0620202
6938.78 3877.55 0.0670422
6938.78 4081.63 0.0685232
6938.78 4285.71 0.0675289
6938.78 4489.8 0.0652401
6938.78 4693.88 0.0627405
6938.78 4897.96 0.0608804
6938.78 5102.04 0.0601969
6938.78 5306.12 0.060873
6938.78 5510.2 0.0627256
6938.78 5714.29 0.0652177
6938.78 5918.37 0.0674993
6938.78 6122.45 0.0684882
6938.78 6326.53 0.0670054
6938.78 6530.61 0.0619881
6938.78 6734.69 0.0527889
6938.78 6938.78 0.0395512
6938.78 7142.86 0.023593
6938.78 7346.94 0.00762847
6938.78 7551.02 -0.00447394
6938.78 7755.1 -0.00689779
6938.78 7959.18 -0.0020938
6938.78 8163.27 0.00167067
6938.78 8367.35 0.00267003
6938.78 8571.43 0.00146024
6938.78 8775.51 -0.000280232
6938.78 8979.59 -0.00118334
6938.78 9183.67 -0.000955579
6938.78 9387.75 -0.000191887
6938.78 9591.84 0.000349092
6938.78 9795.92 0.000343519
6938.78 10000 -2.22222e-05
7142.86 0 -0.000788518
7142.86 204.082 2.62026e-05
7142.86 408.163 0.000697901
7142.86 612.245 0.000777996
7142.86 816.327 0.000120929
7142.86 1020.41 -0.000879752
7142.86 1224.49 -0.00143516
7142.86 1428.57 -0.000888107
7142.86 1632.65 0.000682045
7142.86 1836.73 0.00225072
7142.86 2040.82 0.00235154
7142.86 2244.9 0.000131861
7142.86 2448.98 -0.00369664
7142.86 2653.06 -0.00676778
7142.86 2857.14 -0.000631824
7142.86 3061.22 0.0109777
7142.86 3265.31 0.0236025
7142.86 3469.39 0.0345277
7142.86 3673.47 0.0422816
7142.86 3877.55 0.0465168
7142.86 4081.63 0.0476795
7142.86 4285.71 0.046658
7142.86 4489.8 0.0444899
7142.86 4693.88 0.0421511
7142.86 4897.96 0.0404175
7142.86 5102.04 0.0397826
7142.86 5306.12 0.0404148
7142.86 5510.2 0.0421447
7142.86 5714.29 0.0444783
7142.86 5918.37 0.0466395
7142.86 6122.45 0.0476532
7142.86 6326.53 0.0464835
7142.86 6530.61 0.0422457
7142.86 6734.69 0.034498
7142.86 6938.78 0.023593
7142.86 7142.86 0.0110046
7142.86 7346.94 -0.000559381
7142.86 7551.02 -0.00667211
7142.86 7755.1 -0.00366377
7142.86 7959.18 6.41111e-05
7142.86 8163.27 0.00220856
7142.86 8367.35 0.00212222
7142.86 8571.43 0.000674629
7142.86 8775.51 -0.000729015
7142.86 8979.59 -0.00118345
7142.86 9183.67 -0.000710873
7142.86 9387.75 3.88747e-05
7142.86 9591.84 0.000425988
7142.86 9795.92 0.000266845
7142.86 10000 -0.000183449
7346.94 0 -0.000751086
7346.94 204.082 -4.5421e-05
7346.94 408.163 0.000593244
7346.94 612.245 0.000770521
7346.94 816.327 0.000294512
7346.94 1020.41 -0.000600505
7346.94 1224.49 -0.00130002
7346.94 1428.57 -0.00116887
7346.94 1632.65 -4.07389e-05
7346.94 1836.73 0.00150464
7346.94 2040.82 0.00235771
7346.94 2244.9 0.00155975
7346.94 2448.98 -0.000958473
7346.94 2653.06 -0.00412547
7346.94 2857.14 -0.006243
7346.94 3061.22 -0.000565379
7346.94 3265.31 0.00765795
7346.94 3469.39 0.015455
7346.94 3673.47 0.0212569
7346.94 3877.55 0.0244832
7346.94 4081.63 0.0253108
7346.94 4285.71 0.0243731
7346.94 4489.8 0.0224926
7346.94 4693.88 0.0204777
7346.94 4897.96 0.0189861
7346.94 5102.04 0.0184416
7346.94 5306.12 0.0189891
7346.94 5510.2 0.0204818
7346.94 5714.29 0.0224948
7346.94 5918.37 0.0243692
7346.94 6122.45 0.0252967
7346.94 6326.53 0.0244565
7346.94 6530.61 0.0212188
7346.94 6734.69 0.0154132
7346.94 6938.78 0.00762847
7346.94 7142.86 -0.000559381
7346.94 7346.94 -0.0061811
7346.94 7551.02 -0.00404574
7346.94 7755.1 -0.000921083
7346.94 7959.18 0.00151151
7346.94 8163.27 0.00223362
7346.94 8367.35 0.00137655
7346.94 8571.43 -7.44224e-05
7346.94 8775.51 -0.00105235
7346.94 8979.59 -0.00108004
7346.94 9183.67 -0.000424073
7346.94 9387.75 0.00026626
7346.94 9591.84 0.000489122
7346.94 9795.92 0.000191852
7346.94 10000 -0.000320425
7551.02 0 -0.000698463
7551.02 204.082 -0.000112843
7551.02 408.163 0.000475411
7551.02 612.245 0.00073777
7551.02 816.327 0.000456983
7551.02 1020.41 -0.0002753
7551.02 1224.49 -0.00103098
7551.02 1428.57 -0.00125538
7551.02 1632.65 -0.000628049
7551.02 1836.73 0.000648681
7551.02 2040.82 0.00186223
7551.02 2244.9 0.00215695
7551.02 2448.98 0.00104766
7551.02 2653.06 -0.00127513
7551.02 2857.14 -0.00408874
7551.02 3061.22 -0.00665825
7551.02 3265.31 -0.00442378
7551.02 3469.39 -0.000432146
7551.02 3673.47 0.00290994
7551.02 3877.55 0.00483539
7551.02 4081.63 0.00522776
7551.02 4285.71 0.00441017
7551.02 4489.8 0.00292565
7551.02 4693.88 0.00135707
7551.02 4897.96 0.000199804
7551.02 5102.04 -0.000220408
7551.02 5306.12 0.000208868
7551.02 5510.2 0.00137282
7551.02 5714.29 0.00294342
7551.02 5918.37 0.00442351
7551.02 6122.45 0.00522936
7551.02 6326.53 0.00481882
7551.02 6530.61 0.00287264
7551.02 6734.69 -0.00048477
7551.02 6938.78 -0.00447394
7551.02 7142.86 -0.00667211
7551.02 7346.94 -0.00404574
7551.02 7551.02 -0.00120495
7551.02 7755.1 0.00109164
7551.02 7959.18 0.00212859
7551.02 8163.27 0.00175848
7551.02 8367.35 0.000524816
7551.02 8571.43 -0.000683004
7551.02 8775.51 -0.00117829
7551.02 8979.59 -0.000844226
7551.02 9183.67 -9.75676e-05
7551.02 9387.75 0.000475162
7551.02 9591.84 0.00052459
7551.02 9795.92 0.000111507
7551.02 10000 -0.000433732
7755.1 0 -0.000624209
7755.1 204.082 -0.000170329
7755.1 408.163 0.000342764
7755.1 612.245 0.000663416
7755.1 816.327 0.00057525
7755.1 1020.41 5.59156e-05
7755.1 1224.49 -0.000650491
7755.1 1428.57 -0.00112068
7755.1 1632.65 -0.000982323
7755.1 1836.73 -0.000163625
7755.1 2040.82 0.00100393
7755.1 2244.9 0.00191995
7755.1 2448.98 0.002016
7755.1 2653.06 0.00102598
7755.1 2857.14 -0.000954855
7755.1 3061.22 -0.00364541
7755.1 3265.31 -0.00683891
7755.1 3469.39 -0.00873941
7755.1 3673.47 -0.00816144
7755.1 3877.55 -0.00779858
7755.1 4081.63 -0.00800025
7755.1 4285.71 -0.00875481
7755.1 4489.8 -0.0098298
7755.1 4693.88 -0.0109067
7755.1 4897.96 -0.0116876
7755.1 5102.04 -0.0119671
7755.1 5306.12 -0.0116731
7755.1 5510.2 -0.0108805
7755.1 5714.29 -0.00979718
7755.1 5918.37 -0.0087239
7755.1 6122.45 -0.00798119
7755.1 6326.53 -0.00780187
7755.1 6530.61 -0.00819445
7755.1 6734.69 -0.00880028
7755.1 6938.78 -0.00689779
7755.1 7142.86 -0.00366377
7755.1 7346.94 -0.000921083
7755.1 7551.02 0.00109164
7755.1 7755.1 0.00206729
7755.1 7959.18 0.00191027
7755.1 8163.27 0.000920476
7755.1 8367.35 -0.00028031
7755.1 8571.43 -0.00105319
7755.1 8775.51 -0.0010782
7755.1 8979.59 -0.000496118
7755.1 9183.67 0.000230492
7755.1 9387.75 0.000632716
7755.1 9591.84 0.000514475
7755.1 9795.92 2.16156e-05
7755.1 10000 -0.00051969
7959.18 0 -0.000522354
7959.18 204.082 -0.000209137
7959.18 408.163 0.000199378
7959.18 612.245 0.000535167
7959.18 816.327 0.000610363
7959.18 1020.41 0.0003281
7959.18 1224.49 -0.000229004
7959.18 1428.57 -0.000798161
7959.18 1632.65 -0.00104881
7959.18 1836.73 -0.000760472
7959.18 2040.82 3.68698e-05
7959.18 2244.9 0.00105084
7959.18 2448.98 0.00185375
7959.18 2653.06 0.00206594
7959.18 2857.14 0.00148172
7959.18 3061.22 7.99607e-05
7959.18 3265.31 -0.00204718
7959.18 3469.39 -0.00476544
7959.18 3673.47 -0.00791635
7959.18 3877.55 -0.00981728
7959.18 4081.63 -0.0106982
7959.18 4285.71 -0.0114863
7959.18 4489.8 -0.012224
7959.18 4693.88 -0.0128526
7959.18 4897.96 -0.0132783
7959.18 5102.04 -0.0134243
7959.18 5306.12 -0.0132615
7959.18 5510.2 -0.0128209
7959.18 5714.29 -0.0121822
7959.18 5918.37 -0.0114422
7959.18 6122.45 -0.0106633
7959.18 6326.53 -0.00980582
7959.18 6530.61 -0.00793986
7959.18 6734.69 -0.00481369
7959.18 6938.78 -0.0020938
7959.18 7142.86 6.41111e-05
7959.18 7346.94 0.00151151
7959.18 7551.02 0.00212859
7959.18 7755.1 0.00191027
7959.18 7959.18 0.00105638
7959.18 8163.27 -2.80897e-05
7959.18 8367.35 -0.000867892
7959.18 8571.43 -0.00112994
7959.18 8775.51 -0.000784056
7959.18 8979.59 -0.000104281
7959.18 9183.67 0.000496447
7959.18 9387.75 0.000700015
7959.18 9591.84 0.000445235
7959.18 9795.92 -7.52039e-05
7959.18 10000 -0.000569713
8163.27 0 -0.000390663
8163.27 204.082 -0.000219608
8163.27 408.163 5.71678e-05
8163.27 612.245 0.000354645
8163.27 816.327 0.000536896
8163.27 1020.41 0.000477173
8163.27 1224.49 0.000138252
8163.27 1428.57 -0.000376027
8163.27 1632.65 -0.000841815
8163.27 1836.73 -0.00101123
8163.27 2040.82 -0.000735284
8163.27 2244.9 -4.37457e-05
8163.27 2448.98 0.000863304
8163.27 2653.06 0.00170094
8163.27 2857.14 0.00220734
8163.27 3061.22 0.00222038
8163.27 3265.31 0.00170478
8163.27 3469.39 0.000743558
8163.27 3673.47 -0.000487917
8163.27 3877.55 -0.00176111
8163.27 4081.63 -0.00285042
8163.27 4285.71 -0.00360016
8163.27 4489.8 -0.00406314
8163.27 4693.88 -0.00433207
8163.27 4897.96 -0.00447049
8163.27 5102.04 -0.00450957
8163.27 5306.12 -0.00445759
8163.27 5510.2 -0.00430614
8163.27 5714.29 -0.00402518
8163.27 5918.37 -0.00355498
8163.27 6122.45 -0.00281252
8163.27 6326.53 -0.00174355
8163.27 6530.61 -0.000497706
8163.27 6734.69 0.000712031
8163.27 6938.78 0.00167067
8163.27 7142.86 0.00220856
8163.27 7346.94 0.00223362
8163.27 7551.02 0.00175848
8163.27 7755.1 0.000920476
8163.27 7959.18 -2.80897e-05
8163.27 8163.27 -0.000784424
8163.27 8367.35 -0.00110753
8163.27 8571.43 -0.000927117
8163.27 8775.51 -0.000383141
8163.27 8979.59 0.000236981
8163.27 9183.67 0.00063643
8163.27 9387.75 0.000650707
8163.27 9591.84 0.000316805
8163.27 9795.92 -0.000168208
8163.27 10000 -0.000573346
8367.35 0 -0.000235125
8367.35 204.082 -0.000195917
8367.35 408.163 -6.59921e-05
8367.35 612.245 0.000142914
8367.35 816.327 0.000360229
8367.35 1020.41 0.000470208
8367.35 1224.49 0.000368426
8367.35 1428.57 3.11439e-05
8367.35 1632.65 -0.000448039
8367.35 1836.73 -0.000882827
8367.35 2040.82 -0.00107199
8367.35 2244.9 -0.000888648
8367.35 2448.98 -0.000332751
8367.35 2653.06 0.000476497
8367.35 2857.14 0.00135641
8367.35 3061.22 0.00213219
8367.35 3265.31 0.0026946
8367.35 3469.39 0.00302914
8367.35 3673.47 0.00321181
8367.35 3877.55 0.00337364
8367.35 4081.63 0.00364362
8367.35 4285.71 0.00408837
8367.35 4489.8 0.00467509
8367.35 4693.88 0.00527901
8367.35 4897.96 0.00573419
8367.35 5102.04 0.00590325
8367.35 5306.12 0.00573469
8367.35 5510.2 0.00528366
8367.35 5714.29 0.00468801
8367.35 5918.37 0.00410976
8367.35 6122.45 0.00366731
8367.35 6326.53 0.003389
8367.35 6530.61 0.00320985
8367.35 6734.69 0.00300979
8367.35 6938.78 0.00267003
8367.35 7142.86 0.00212222
8367.35 7346.94 0.00137655
8367.35 7551.02 0.000524816
8367.35 7755.1 -0.00028031
8367.35 7959.18 -0.000867892
8367.35 8163.27 -0.00110753
8367.35 8367.35 -0.00096565
8367.35 8571.43 -0.000531067
8367.35 8775.51 1.00406e-05
8367.35 8979.59 0.000444372
8367.35 9183.67 0.000616259
8367.35 9387.75 0.000488077
8367.35 9591.84 0.000147925
8367.35 9795.92 -0.000240795
8367.35 10000 -0.00052373
8571.43 0 -7.28574e-05
8571.43 204.082 -0.000141127
8571.43 408.163 -0.000151996
8571.43 612.245 -6.24506e-05
8571.43 816.327 0.000121732
8571.43 1020.41 0.000324096
8571.43 1224.49 0.00042443
8571.43 1428.57 0.000321998
8571.43 1632.65 -2.72271e-06
8571.43 1836.73 -0.00046481
8571.43 2040.82 -0.000904447
8571.43 2244.9 -0.00115249
8571.43 2448.98 -0.00109682
8571.43 2653.06 -0.000718381
8571.43 2857.14 -8.51685e-05
8571.43 3061.22 0.000686033
8571.43 3265.31 0.00147904
8571.43 3469.39 0.00221872
8571.43 3673.47 0.00288803
8571.43 3877.55 0.00351664
8571.43 4081.63 0.00414858
8571.43 4285.71 0.00480417
8571.43 4489.8 0.0054548
8571.43 4693.88 0.0060244
8571.43 4897.96 0.00641652
8571.43 5102.04 0.00655305
8571.43 5306.12 0.00640632
8571.43 5510.2 0.0060103
8571.43 5714.29 0.00544561
8571.43 5918.37 0.00480563
8571.43 6122.45 0.00415929
8571.43 6326.53 0.0035283
8571.43 6530.61 0.00289053
8571.43 6734.69 0.00220753
8571.43 6938.78 0.00146024
8571.43 7142.86 0.000674629
8571.43 7346.94 -7.44224e-05
8571.43 7551.02 -0.000683004
8571.43 7755.1 -0.00105319
8571.43 7959.18 -0.00112994
8571.43 8163.27 -0.000927117
8571.43 8367.35 -0.000531067
8571.43 8571.43 -7.72444e-05
8571.43 8775.51 0.000293067
8571.43 8979.59 0.000479057
8571.43 9183.67 0.000450556
8571.43 9387.75 0.000250935
8571.43 9591.84 -2.60711e-05
8571.43 9795.92 -0.000275784
8571.43 10000 -0.00042267
8775.51 0 7.01404e-05
8775.51 204.082 -6.88925e-05
8775.51 408.163 -0.000189589
8775.51 612.245 -0.000218868
8775.51 816.327 -0.000112648
8775.51 1020.41 0.000102164
8775.51 1224.49 0.000328222
8775.51 1428.57 0.000441771
8775.51 1632.65 0.000354154
8775.51 1836.73 5.65868e-05
8775.51 2040.82 -0.000374071
8775.51 2244.9 -0.000807516
8775.51 2448.98 -0.00111156
8775.51 2653.06 -0.00119919
8775.51 2857.14 -0.00105191
8775.51 3061.22 -0.00071378
8775.51 3265.31 -0.000264315
8775.51 3469.39 0.000215245
8775.51 3673.47 0.000667638
8775.51 3877.55 0.00106794
8775.51 4081.63 0.00141568
8775.51 4285.71 0.0017186
8775.51 4489.8 0.00197791
8775.51 4693.88 0.00218251
8775.51 4897.96 0.00231306
8775.51 5102.04 0.00235259
8775.51 5306.12 0.00229693
8775.51 5510.2 0.00215788
8775.51 5714.29 0.00195606
8775.51 5918.37 0.00170845
8775.51 6122.45 0.00141888
8775.51 6326.53 0.00107793
8775.51 6530.61 0.000673707
8775.51 6734.69 0.000209653
8775.51 6938.78 -0.000280232
8775.51 7142.86 -0.000729015
8775.51 7346.94 -0.00105235
8775.51 7551.02 -0.00117829
8775.51 7755.1 -0.0010782
8775.51 7959.18 -0.000784056
8775.51 8163.27 -0.000383141
8775.51 8367.35 1.00406e-05
8775.51 8571.43 0.000293067
8775.51 8775.51 0.000409015
8775.51 8979.59 0.000360642
8775.51 9183.67 0.000200568
8775.51 9387.75 3.60105e-06
8775.51 9591.84 -0.000163682
8775.51 9795.92 -0.000262181
8775.51 10000 -0.000283017
8979.59 0 0.000167668
8979.59 204.082 7.70091e-07
8979.59 408.163 -0.000178769
8979.59 612.245 -0.000293863
8979.59 816.327 -0.000275787
8979.59 1020.41 -0.000109695
8979.59 1224.49 0.000148924
8979.59 1428.57 0.00039587
8979.59 1632.65 0.000524253
8979.59 1836.73 0.000469334
8979.59 2040.82 0.000231321
8979.59 2244.9 -0.000129632
8979.59 2448.98 -0.000520427
8979.59 2653.06 -0.000851815
8979.59 2857.14 -0.00106889
8979.59 3061.22 -0.00116371
8979.59 3265.31 -0.00116875
8979.59 3469.39 -0.00113726
8979.59 3673.47 -0.00112056
8979.59 3877.55 -0.00115202
8979.59 4081.63 -0.00124115
8979.59 4285.71 -0.00137625
8979.59 4489.8 -0.0015314
8979.59 4693.88 -0.00167511
8979.59 4897.96 -0.00177883
8979.59 5102.04 -0.00182243
8979.59 5306.12 -0.00179618
8979.59 5510.2 -0.00170208
8979.59 5714.29 -0.00155627
8979.59 5918.37 -0.00138916
8979.59 6122.45 -0.00123913
8979.59 6326.53 -0.00114061
8979.59 6530.61 -0.00111069
8979.59 6734.69 -0.00113864
8979.59 6938.78 -0.00118334
8979.59 7142.86 -0.00118345
8979.59 7346.94 -0.00108004
8979.59 7551.02 -0.000844226
8979.59 7755.1 -0.000496118
8979.59 7959.18 -0.000104281
8979.59 8163.27 0.000236981
8979.59 8367.35 0.000444372
8979.59 8571.43 0.000479057
8979.59 8775.51 0.000360642
8979.59 8979.59 0.000156504
8979.59 9183.67 -4.81298e-05
8979.59 9387.75 -0.000186059
8979.59 9591.84 -0.000231654
8979.59 9795.92 -0.000200212
8979.59 10000 -0.000126573
9183.67 0 0.000205437
9183.67 204.082 5.06081e-05
9183.67 408.163 -0.000130036
9183.67 612.245 -0.000277039
9183.67 816.327 -0.000324854
9183.67 1020.41 -0.000237119
9183.67 1224.49 -2.8439e-05
9183.67 1428.57 0.000239014
9183.67 1632.65 0.000480489
9183.67 1836.73 0.000620365
9183.67 2040.82 0.000616083
9183.67 2244.9 0.000467815
9183.67 2448.98 0.000212472
9183.67 2653.06 -9.50653e-05
9183.67 2857.14 -0.000404639
9183.67 3061.22 -0.00068749
9183.67 3265.31 -0.000941715
9183.67 3469.39 -0.00118613
9183.67 3673.47 -0.00144653
9183.67 3877.55 -0.00174152
9183.67 4081.63 -0.00207351
9183.67 4285.71 -0.00242633
9183.67 4489.8 -0.00276788
9183.67 4693.88 -0.00305698
9183.67 4897.96 -0.00325362
9183.67 5102.04 -0.00332853
9183.67 5306.12 -0.0032688
9183.67 5510.2 -0.00308038
9183.67 5714.29 -0.00278885
9183.67 5918.37 -0.00243571
9183.67 6122.45 -0.00206831
9183.67 6326.53 -0.00172681
9183.67 6530.61 -0.00143304
9183.67 6734.69 -0.00118438
9183.67 6938.78 -0.000955579
9183.67 7142.86 -0.000710873
9183.67 7346.94 -0.000424073
9183.67 7551.02 -9.75676e-05
9183.67 7755.1 0.000230492
9183.67 7959.18 0.000496447
9183.67 8163.27 0.00063643
9183.67 8367.35 0.000616259
9183.67 8571.43 0.000450556
9183.67 8775.51 0.000200568
9183.67 8979.59 -4.81298e-05
9183.67 9183.67 -0.000218398
9183.67 9387.75 -0.000271176
9183.67 9591.84 -0.000216917
9183.67 9795.92 -0.000101811
9183.67 10000 2.24979e-05
9387.75 0 0.000189722
9387.75 204.082 7.4893e-05
9387.75 408.163 -5.95557e-05
9387.75 612.245 -0.000184147
9387.75 816.327 -0.000258264
9387.75 1020.41 -0.000247297
9387.75 1224.49 -0.000139614
9387.75 1428.57 4.6519e-05
9387.75 1632.65 0.00026891
9387.75 1836.73 0.000475211
9387.75 2040.82 0.000618092
9387.75 2244.9 0.000667781
9387.75 2448.98 0.000618103
9387.75 2653.06 0.000483702
9387.75 2857.14 0.000290484
9387.75 3061.22 6.41629e-05
9387.75 3265.31 -0.000178562
9387.75 3469.39 -0.000432754
9387.75 3673.47 -0.000700931
9387.75 3877.55 -0.000985168
9387.75 4081.63 -0.00128101
9387.75 4285.71 -0.00157552
9387.75 4489.8 -0.00184798
9387.75 4693.88 -0.00207242
9387.75 4897.96 -0.00222287
9387.75 5102.04 -0.00227983
9387.75 5306.12 -0.00223429
9387.75 5510.2 -0.00208953
9387.75 5714.29 -0.00186201
9387.75 5918.37 -0.00157891
9387.75 6122.45 -0.00127148
9387.75 6326.53 -0.000967491
9387.75 6530.61 -0.000685171
9387.75 6734.69 -0.000429243
9387.75 6938.78 -0.000191887
9387.75 7142.86 3.88747e-05
9387.75 7346.94 0.00026626
9387.75 7551.02 0.000475162
9387.75 7755.1 0.000632716
9387.75 7959.18 0.000700015
9387.75 8163.27 0.000650707
9387.75 8367.35 0.000488077
9387.75 8571.43 0.000250935
9387.75 8775.51 3.60105e-06
9387.75 8979.59 -0.000186059
9387.75 9183.67 -0.000271176
9387.75 9387.75 -0.000242912
9387.75 9591.84 -0.000131077
9387.75 9795.92 1.36424e-05
9387.75 10000 0.00014593
9591.84 0 0.000146505
9591.84 204.082 8.23564e-05
9591.84 408.163 1.72274e-05
9591.84 612.245 -5.05975e-05
9591.84 816.327 -0.000114779
9591.84 1020.41 -0.000159127
9591.84 1224.49 -0.000164162
9591.84 1428.57 -0.000116474
9591.84 1632.65 -1.54459e-05
9591.84 1836.73 0.000124493
9591.84 2040.82 0.000276827
9591.84 2244.9 0.000410859
9591.84 2448.98 0.000501317
9591.84 2653.06 0.000535344
9591.84 2857.14 0.00051444
9591.84 3061.22 0.000451079
9591.84 3265.31 0.000361822
9591.84 3469.39 0.000260903
9591.84 3673.47 0.000157943
9591.84 3877.55 5.93893e-05
9591.84 4081.63 -3.00651e-05
9591.84 4285.71 -0.000107835
9591.84 4489.8 -0.000173186
9591.84 4693.88 -0.000224856
9591.84 4897.96 -0.000259879
9591.84 5102.04 -0.000274977
9591.84 5306.12 -0.000267445
9591.84 5510.2 -0.000235619
9591.84 5714.29 -0.00018046
9591.84 5918.37 -0.000105956
9591.84 6122.45 -1.76322e-05
9591.84 6326.53 7.79619e-05
9591.84 6530.61 0.000173747
9591.84 6734.69 0.000264647
9591.84 6938.78 0.000349092
9591.84 7142.86 0.000425988
9591.84 7346.94 0.000489122
9591.84 7551.02 0.00052459
9591.84 7755.1 0.000514475
9591.84 7959.18 0.000445235
9591.84 8163.27 0.000316805
9591.84 8367.35 0.000147925
9591.84 8571.43 -2.60711e-05
9591.84 8775.51 -0.000163682
9591.84 8979.59 -0.000231654
9591.84 9183.67 -0.000216917
9591.84 9387.75 -0.000131077
9591.84 9591.84 -4.78196e-06
9591.84 9795.92 0.000126445
9591.84 10000 0.000237049
9795.92 0 0.000110631
9795.92 204.082 9.15562e-05
9795.92 408.163 9.10454e-05
9795.92 612.245 8.41797e-05
9795.92 816.327 4.73159e-05
9795.92 1020.41 -2.63328e-05
9795.92 1224.49 -0.000122691
9795.92 1428.57 -0.000213467
9795.92 1632.65 -0.000268359
9795.92 1836.73 -0.000267577
9795.92 2040.82 -0.000209308
9795.92 2244.9 -0.000108869
9795.92 2448.98 9.15101e-06
9795.92 2653.06 0.000121492
9795.92 2857.14 0.000214974
9795.92 3061.22 0.000289611
9795.92 3265.31 0.000355275
9795.92 3469.39 0.000425263
9795.92 3673.47 0.000511128
9795.92 3877.55 0.00061976
9795.92 4081.63 0.000750974
9795.92 4285.71 0.000895316
9795.92 4489.8 0.00103521
9795.92 4693.88 0.00115087
9795.92 4897.96 0.00122607
9795.92 5102.04 0.00125052
9795.92 5306.12 0.0012216
9795.92 5510.2 0.00114507
9795.92 5714.29 0.00103281
9795.92 5918.37 0.000900238
9795.92 6122.45 0.000763856
9795.92 6326.53 0.000636751
9795.92 6530.61 0.000524859
9795.92 6734.69 0.000428074
9795.92 6938.78 0.000343519
9795.92 7142.86 0.000266845
9795.92 7346.94 0.000191852
9795.92 7551.02 0.000111507
9795.92 7755.1 2.16156e-05
9795.92 7959.18 -7.52039e-05
9795.92 8163.27 -0.000168208
9795.92 8367.35 -0.000240795
9795.92 8571.43 -0.000275784
9795.92 8775.51 -0.000262181
9795.92 8979.59 -0.000200212
9795.92 9183.67 -0.000101811
9795.92 9387.75 1.36424e-05
9795.92 9591.84 0.000126445
9795.92 9795.92 0.000223548
9795.92 10000 0.000301109
10000 0 0.000109113
10000 204.082 0.000119772
10000 408.163 0.000159774
10000 612.245 0.000193301
10000 816.327 0.000180064
10000 1020.41 9.66992e-05
10000 1224.49 -5.24513e-05
10000 1428.57 -0.000237667
10000 1632.65 -0.000416073
10000 1836.73 -0.000547969
10000 2040.82 -0.000609956
10000 2244.9 -0.000599641
10000 2448.98 -0.000531397
10000 2653.06 -0.000426412
10000 2857.14 -0.000301911
10000 3061.22 -0.000164808
10000 3265.31 -1.2138e-05
10000 3469.39 0.000164188
10000 3673.47 0.000372051
10000 3877.55 0.000614463
10000 4081.63 0.000885295
10000 4285.71 0.00116654
10000 4489.8 0.00143014
10000 4693.88 0.00164519
10000 4897.96 0.00178534
10000 5102.04 0.00183313
10000 5306.12 0.00178302
10000 5510.2 0.00164265
10000 5714.29 0.00143054
10000 5918.37 0.00117235
10000 6122.45 0.000896635
10000 6326.53 0.000628205
10000 6530.61 0.000382554
10000 6734.69 0.000165698
10000 6938.78 -2.22222e-05
10000 7142.86 -0.000183449
10000 7346.94 -0.000320425
10000 7551.02 -0.000433732
10000 7755.1 -0.00051969
10000 7959.18 -0.000569713
10000 8163.27 -0.000573346
10000 8367.35 -0.00052373
10000 8571.43 -0.00042267
10000 8775.51 -0.000283017
10000 8979.59 -0.000126573
10000 9183.67 2.24979e-05
10000 9387.75 0.00014593
10000 9591.84 0.000237049
10000 9795.92 0.000301109
10000 10000 0.00034945
