0 0 -0.000133617
0 204.082 -0.00016688
0 408.163 -0.000156952
0 612.245 -0.000102987
0 816.327 -9.36325e-06
0 1020.41 0.000111881
0 1224.49 0.000238267
0 1428.57 0.000341268
0 1632.65 0.000395976
0 1836.73 0.000387828
0 2040.82 0.000314453
0 2244.9 0.000185055
0 2448.98 1.80452e-05
0 2653.06 -0.000163956
0 2857.14 -0.000342206
0 3061.22 -0.000510517
0 3265.31 -0.000677649
0 3469.39 -0.000858596
0 3673.47 -0.00106162
0 3877.55 -0.00128347
0 4081.63 -0.00151401
0 4285.71 -0.00174076
0 4489.8 -0.00194798
0 4693.88 -0.00211506
0 4897.96 -0.00222196
0 5102.04 -0.00225702
0 5306.12 -0.00221747
0 5510.2 -0.00210716
0 5714.29 -0.00193895
0 5918.37 -0.0017338
0 6122.45 -0.00151191
0 6326.53 -0.00128666
0 6530.61 -0.00106693
0 6734.69 -0.000860084
0 6938.78 -0.00067
0 7142.86 -0.00049347
0 7346.94 -0.000323031
0 7551.02 -0.000155313
0 7755.1 5.13499e-06
0 7959.18 0.000149881
0 8163.27 0.000271346
0 8367.35 0.000362165
0 8571.43 0.000411161
0 8775.51 0.000402545
0 8979.59 0.000323288
0 9183.67 0.00017638
0 9387.75 -1.03581e-05
0 9591.84 -0.000188955
0 9795.92 -0.000308125
0 10000 -0.000335193
204.082 0 -0.00016688
204.082 204.082 -0.000165282
204.082 408.163 -0.000112656
204.082 612.245 -3.12041e-05
204.082 816.327 5.22542e-05
204.082 1020.41 0.000115961
204.082 1224.49 0.000145459
204.082 1428.57 0.000134968
204.082 1632.65 8.90144e-05
204.082 1836.73 1.99004e-05
204.082 2040.82 -5.75857e-05
204.082 2244.9 -0.000129698
204.082 2448.98 -0.00018465
204.082 2653.06 -0.000213171
204.082 2857.14 -0.000210766
204.082 3061.22 -0.000181628
204.082 3265.31 -0.000139607
204.082 3469.39 -0.000101277
204.082 3673.47 -7.54292e-05
204.082 3877.55 -5.98898e-05
204.082 4081.63 -4.8074e-05
204.082 4285.71 -3.69291e-05
204.082 4489.8 -2.75287e-05
204.082 4693.88 -2.00216e-05
204.082 4897.96 -1.33612e-05
204.082 5102.04 -9.20709e-06
204.082 5306.12 -9.69869e-06
204.082 5510.2 -1.39054e-05
204.082 5714.29 -2.14768e-05
204.082 5918.37 -3.43054e-05
204.082 6122.45 -5.15237e-05
204.082 6326.53 -6.91286e-05
204.082 6530.61 -8.59469e-05
204.082 6734.69 -0.00010564
204.082 6938.78 -0.000131655
204.082 7142.86 -0.000161589
204.082 7346.94 -0.000187775
204.082 7551.02 -0.000202257
204.082 7755.1 -0.00019832
204.082 7959.18 -0.000168209
204.082 8163.27 -0.000104359
204.082 8367.35 -7.2417e-06
204.082 8571.43 0.000105636
204.082 8775.51 0.000198476
204.082 8979.59 0.000229706
204.082 9183.67 0.00017454
204.082 9387.75 4.33499e-05
204.082 9591.84 -0.000117589
204.082 9795.92 -0.000244718
204.082 10000 -0.000287977
408.163 0 -0.000156952
408.163 204.082 -0.000112656
408.163 408.163 -1.30191e-05
408.163 612.245 9.11113e-05
408.163 816.327 0.000147543
408.163 1020.41 0.000128249
408.163 1224.49 3.70155e-05
408.163 1428.57 -9.63676e-05
408.163 1632.65 -0.00022878
408.163 1836.73 -0.000320095
408.163 2040.82 -0.000346485
408.163 2244.9 -0.000303958
408.163 2448.98 -0.000202716
408.163 2653.06 -5.82745e-05
408.163 2857.14 0.000115131
408.163 3061.22 0.000306086
408.163 3265.31 0.000504663
408.163 3469.39 0.000703413
408.163 3673.47 0.000901148
408.163 3877.55 0.00110323
408.163 4081.63 0.00131445
408.163 4285.71 0.00152943
408.163 4489.8 0.00173077
408.163 4693.88 0.00189684
408.163 4897.96 0.0020081
408.163 5102.04 0.00204859
408.163 5306.12 0.00201102
408.163 5510.2 0.00190112
408.163 5714.29 0.00173344
408.163 5918.37 0.00152701
408.163 6122.45 0.00130484
408.163 6326.53 0.00108794
408.163 6530.61 0.000886155
408.163 6734.69 0.000697124
408.163 6938.78 0.000513084
408.163 7142.86 0.000327704
408.163 7346.94 0.000139217
408.163 7551.02 -4.74248e-05
408.163 7755.1 -0.000216635
408.163 7959.18 -0.000340838
408.163 8163.27 -0.000388487
408.163 8367.35 -0.000340972
408.163 8571.43 -0.000209494
408.163 8775.51 -4.00396e-05
408.163 8979.59 0.000101548
408.163 9183.67 0.000160033
408.163 9387.75 0.000119385
408.163 9591.84 1.20035e-05
408.163 9795.92 -9.74366e-05
408.163 10000 -0.000147769
612.245 0 -0.000102987
612.245 204.082 -3.12041e-05
612.245 408.163 9.11113e-05
612.245 612.245 0.000191107
612.245 816.327 0.000201697
612.245 1020.41 9.97201e-05
612.245 1224.49 -8.46795e-05
612.245 1428.57 -0.000284621
612.245 1632.65 -0.000425928
612.245 1836.73 -0.000457228
612.245 2040.82 -0.000367857
612.245 2244.9 -0.000185016
612.245 2448.98 4.52365e-05
612.245 2653.06 0.000280205
612.245 2857.14 0.000495123
612.245 3061.22 0.000685594
612.245 3265.31 0.000860478
612.245 3469.39 0.00103292
612.245 3673.47 0.00121574
612.245 3877.55 0.00141951
612.245 4081.63 0.00164787
612.245 4285.71 0.00189109
612.245 4489.8 0.00212582
612.245 4693.88 0.00232326
612.245 4897.96 0.00245676
612.245 5102.04 0.00250549
612.245 5306.12 0.00246026
612.245 5510.2 0.00232785
612.245 5714.29 0.00212747
612.245 5918.37 0.00188584
612.245 6122.45 0.00163423
612.245 6326.53 0.00140052
612.245 6530.61 0.00119886
612.245 6734.69 0.00102689
612.245 6938.78 0.000870065
612.245 7142.86 0.000707229
612.245 7346.94 0.000516956
612.245 7551.02 0.000287904
612.245 7755.1 3.10699e-05
612.245 7959.18 -0.000215379
612.245 8163.27 -0.000396334
612.245 8367.35 -0.000463459
612.245 8571.43 -0.00040161
612.245 8775.51 -0.000242656
612.245 8979.59 -5.48564e-05
612.245 9183.67 8.93005e-05
612.245 9387.75 0.000147991
612.245 9591.84 0.00012785
612.245 9795.92 7.55161e-05
612.245 10000 4.59239e-05
816.327 0 -9.36325e-06
816.327 204.082 5.22542e-05
816.327 408.163 0.000147543
816.327 612.245 0.000201697
816.327 816.327 0.000155221
816.327 1020.41 4.06503e-06
816.327 1224.49 -0.000195936
816.327 1428.57 -0.000357174
816.327 1632.65 -0.000402098
816.327 1836.73 -0.000299573
816.327 2040.82 -7.88357e-05
816.327 2244.9 0.000187382
816.327 2448.98 0.000419388
816.327 2653.06 0.000564228
816.327 2857.14 0.000610757
816.327 3061.22 0.000583518
816.327 3265.31 0.000522898
816.327 3469.39 0.000464797
816.327 3673.47 0.000430752
816.327 3877.55 0.000428322
816.327 4081.63 0.000454553
816.327 4285.71 0.00049917
816.327 4489.8 0.000549371
816.327 4693.88 0.000594968
816.327 4897.96 0.000628608
816.327 5102.04 0.000643444
816.327 5306.12 0.000634942
816.327 5510.2 0.000603762
816.327 5714.29 0.000554604
816.327 5918.37 0.00049568
816.327 6122.45 0.00044122
816.327 6326.53 0.000409702
816.327 6530.61 0.00041565
816.327 6734.69 0.000461699
816.327 6938.78 0.000534414
816.327 7142.86 0.00060349
816.327 7346.94 0.000626814
816.327 7551.02 0.000565339
816.327 7755.1 0.000404082
816.327 7959.18 0.000166641
816.327 8163.27 -8.75746e-05
816.327 8367.35 -0.000285052
816.327 8571.43 -0.000370476
816.327 8775.51 -0.000332637
816.327 8979.59 -0.00020679
816.327 9183.67 -5.21291e-05
816.327 9387.75 7.89773e-05
816.327 9591.84 0.000162582
816.327 9795.92 0.000206691
816.327 10000 0.00023592
1020.41 0 0.000111881
1020.41 204.082 0.000115961
1020.41 408.163 0.000128249
1020.41 612.245 9.97201e-05
1020.41 816.327 4.06503e-06
1020.41 1020.41 -0.000135379
1020.41 1224.49 -0.000252281
1020.41 1428.57 -0.000272236
1020.41 1632.65 -0.000154561
1020.41 1836.73 7.99368e-05
1020.41 2040.82 0.000350446
1020.41 2244.9 0.00055094
1020.41 2448.98 0.000599293
1020.41 2653.06 0.000470628
1020.41 2857.14 0.000199436
1020.41 3061.22 -0.000144966
1020.41 3265.31 -0.000494038
1020.41 3469.39 -0.000807211
1020.41 3673.47 -0.00107851
1020.41 3877.55 -0.0013253
1020.41 4081.63 -0.00156961
1020.41 4285.71 -0.00182135
1020.41 4489.8 -0.00206863
1020.41 4693.88 -0.00228042
1020.41 4897.96 -0.00242108
1020.41 5102.04 -0.00246628
1020.41 5306.12 -0.0024099
1020.41 5510.2 -0.00226392
1020.41 5714.29 -0.00205557
1020.41 5918.37 -0.00181871
1020.41 6122.45 -0.00157849
1020.41 6326.53 -0.00133975
1020.41 6530.61 -0.00108865
1020.41 6734.69 -0.000805367
1020.41 6938.78 -0.000480419
1020.41 7142.86 -0.000128591
1020.41 7346.94 0.000206294
1020.41 7551.02 0.00046172
1020.41 7755.1 0.000581027
1020.41 7959.18 0.0005403
1020.41 8163.27 0.000363403
1020.41 8367.35 0.000116917
1020.41 8571.43 -0.000115199
1020.41 8775.51 -0.000264765
1020.41 8979.59 -0.000300333
1020.41 9183.67 -0.000228253
1020.41 9387.75 -8.21109e-05
1020.41 9591.84 9.21428e-05
1020.41 9795.92 0.000252001
1020.41 10000 0.000370397
1224.49 0 0.000238267
1224.49 204.082 0.000145459
1224.49 408.163 3.70155e-05
1224.49 612.245 -8.46795e-05
1224.49 816.327 -0.000195936
1224.49 1020.41 -0.000252281
1224.49 1224.49 -0.000207551
1224.49 1428.57 -4.3174e-05
1224.49 1632.65 0.000209603
1224.49 1836.73 0.000468338
1224.49 2040.82 0.000624094
1224.49 2244.9 0.000586848
1224.49 2448.98 0.000328357
1224.49 2653.06 -0.000104884
1224.49 2857.14 -0.000615073
1224.49 3061.22 -0.00109822
1224.49 3265.31 -0.00148849
1224.49 3469.39 -0.00178004
1224.49 3673.47 -0.00201795
1224.49 3877.55 -0.00226769
1224.49 4081.63 -0.00257924
1224.49 4285.71 -0.00296118
1224.49 4489.8 -0.0033742
1224.49 4693.88 -0.00374604
1224.49 4897.96 -0.00400062
1224.49 5102.04 -0.00408528
1224.49 5306.12 -0.00398449
1224.49 5510.2 -0.00372163
1224.49 5714.29 -0.00335296
1224.49 5918.37 -0.0029518
1224.49 6122.45 -0.00258267
1224.49 6326.53 -0.00227665
1224.49 6530.61 -0.00202184
1224.49 6734.69 -0.00177265
1224.49 6938.78 -0.00147342
1224.49 7142.86 -0.00108745
1224.49 7346.94 -0.000620242
1224.49 7551.02 -0.000126554
1224.49 7755.1 0.000305053
1224.49 7959.18 0.000584595
1224.49 8163.27 0.000656449
1224.49 8367.35 0.000524472
1224.49 8571.43 0.000253915
1224.49 8775.51 -5.13294e-05
1224.49 8979.59 -0.000283266
1224.49 9183.67 -0.000364111
1224.49 9387.75 -0.000273207
1224.49 9591.84 -5.45253e-05
1224.49 9795.92 0.000204574
1224.49 10000 0.000417076
1428.57 0 0.000341268
1428.57 204.082 0.000134968
1428.57 408.163 -9.63676e-05
1428.57 612.245 -0.000284621
1428.57 816.327 -0.000357174
1428.57 1020.41 -0.000272236
1428.57 1224.49 -4.3174e-05
1428.57 1428.57 0.000257875
1428.57 1632.65 0.000519599
1428.57 1836.73 0.000628663
1428.57 2040.82 0.000511427
1428.57 2244.9 0.000166079
1428.57 2448.98 -0.000329786
1428.57 2653.06 -0.000844569
1428.57 2857.14 -0.00124187
1428.57 3061.22 -0.0014326
1428.57 3265.31 -0.00140829
1428.57 3469.39 -0.00123928
1428.57 3673.47 -0.00103927
1428.57 3877.55 -0.000915931
1428.57 4081.63 -0.000929613
1428.57 4285.71 -0.00107739
1428.57 4489.8 -0.0013049
1428.57 4693.88 -0.00153481
1428.57 4897.96 -0.00169714
1428.57 5102.04 -0.00174879
1428.57 5306.12 -0.00167904
1428.57 5510.2 -0.00150765
1428.57 5714.29 -0.00128147
1428.57 5918.37 -0.00106667
1428.57 6122.45 -0.000931413
1428.57 6326.53 -0.000921438
1428.57 6530.61 -0.00103771
1428.57 6734.69 -0.00122678
1428.57 6938.78 -0.00139257
1428.57 7142.86 -0.0014287
1428.57 7346.94 -0.00126036
1428.57 7551.02 -0.000879947
1428.57 7755.1 -0.000359105
1428.57 7959.18 0.000169919
1428.57 8163.27 0.000558263
1428.57 8367.35 0.000696771
1428.57 8571.43 0.000562666
1428.57 8775.51 0.000234292
1428.57 8979.59 -0.000135717
1428.57 9183.67 -0.000382985
1428.57 9387.75 -0.000405892
1428.57 9591.84 -0.000212624
1428.57 9795.92 9.05607e-05
1428.57 10000 0.000368161
1632.65 0 0.000395976
1632.65 204.082 8.90144e-05
1632.65 408.163 -0.00022878
1632.65 612.245 -0.000425928
1632.65 816.327 -0.000402098
1632.65 1020.41 -0.000154561
1632.65 1224.49 0.000209603
1632.65 1428.57 0.000519599
1632.65 1632.65 0.000618446
1632.65 1836.73 0.000433467
1632.65 2040.82 7.28707e-06
1632.65 2244.9 -0.000519952
1632.65 2448.98 -0.000963204
1632.65 2653.06 -0.00115645
1632.65 2857.14 -0.00100579
1632.65 3061.22 -0.000517328
1632.65 3265.31 0.000208463
1632.65 3469.39 0.00101815
1632.65 3673.47 0.00176678
1632.65 3877.55 0.00236981
1632.65 4081.63 0.00282048
1632.65 4285.71 0.00316435
1632.65 4489.8 0.00345026
1632.65 4693.88 0.00369298
1632.65 4897.96 0.00386871
1632.65 5102.04 0.00393902
1632.65 5306.12 0.00388279
1632.65 5510.2 0.00371262
1632.65 5714.29 0.00346407
1632.65 5918.37 0.00316584
1632.65 6122.45 0.00281278
1632.65 6326.53 0.0023637
1632.65 6530.61 0.00177241
1632.65 6734.69 0.00103571
1632.65 6938.78 0.000225181
1632.65 7142.86 -0.000519718
1632.65 7346.94 -0.00103638
1632.65 7551.02 -0.0012036
1632.65 7755.1 -0.000996949
1632.65 7959.18 -0.000510846
1632.65 8163.27 6.36045e-05
1632.65 8367.35 0.000504922
1632.65 8571.43 0.000651963
1632.65 8775.51 0.000478592
1632.65 8979.59 0.000108657
1632.65 9183.67 -0.000247542
1632.65 9387.75 -0.000407047
1632.65 9591.84 -0.000311565
1632.65 9795.92 -4.5628e-05
1632.65 10000 0.000238005
1836.73 0 0.000387828
1836.73 204.082 1.99004e-05
1836.73 408.163 -0.000320095
1836.73 612.245 -0.000457228
1836.73 816.327 -0.000299573
1836.73 1020.41 7.99368e-05
1836.73 1224.49 0.000468338
1836.73 1428.57 0.000628663
1836.73 1632.65 0.000433467
1836.73 1836.73 -6.24266e-05
1836.73 2040.82 -0.000647588
1836.73 2244.9 -0.00105495
1836.73 2448.98 -0.00107534
1836.73 2653.06 -0.000629311
1836.73 2857.14 0.000219911
1836.73 3061.22 0.00130049
1836.73 3265.31 0.00239627
1836.73 3469.39 0.00332687
1836.73 3673.47 0.00401848
1836.73 3877.55 0.00453028
1836.73 4081.63 0.00501346
1836.73 4285.71 0.00561219
1836.73 4489.8 0.00636071
1836.73 4693.88 0.00714457
1836.73 4897.96 0.00775207
1836.73 5102.04 0.00798332
1836.73 5306.12 0.00775494
1836.73 5510.2 0.00714454
1836.73 5714.29 0.00635135
1836.73 5918.37 0.00559297
1836.73 6122.45 0.00499261
1836.73 6326.53 0.00452079
1836.73 6530.61 0.0040286
1836.73 6734.69 0.00335141
1836.73 6938.78 0.00241633
1836.73 7142.86 0.0012946
1836.73 7346.94 0.000181036
1836.73 7551.02 -0.000683283
1836.73 7755.1 -0.00110875
1836.73 7959.18 -0.00103858
1836.73 8163.27 -0.000584696
1836.73 8367.35 4.90631e-06
1836.73 8571.43 0.000449181
1836.73 8775.51 0.000566754
1836.73 8979.59 0.000363689
1836.73 9183.67 1.51619e-05
1836.73 9387.75 -0.000252885
1836.73 9591.84 -0.000304462
1836.73 9795.92 -0.00016002
1836.73 10000 5.47473e-05
2040.82 0 0.000314453
2040.82 204.082 -5.75857e-05
2040.82 408.163 -0.000346485
2040.82 612.245 -0.000367857
2040.82 816.327 -7.88357e-05
2040.82 1020.41 0.000350446
2040.82 1224.49 0.000624094
2040.82 1428.57 0.000511427
2040.82 1632.65 7.28707e-06
2040.82 1836.73 -0.000647588
2040.82 2040.82 -0.00109633
2040.82 2244.9 -0.00105671
2040.82 2448.98 -0.000454923
2040.82 2653.06 0.000557759
2040.82 2857.14 0.00168216
2040.82 3061.22 0.00258263
2040.82 3265.31 0.00299361
2040.82 3469.39 0.00280944
2040.82 3673.47 0.00214028
2040.82 3877.55 0.00129878
2040.82 4081.63 0.000689599
2040.82 4285.71 0.000624532
2040.82 4489.8 0.000499644
2040.82 4693.88 0.000641032
2040.82 4897.96 0.000853489
2040.82 5102.04 0.000943225
2040.82 5306.12 0.000840874
2040.82 5510.2 0.00061504
2040.82 5714.29 0.000460771
2040.82 5918.37 0.000578382
2040.82 6122.45 0.000653669
2040.82 6326.53 0.00128779
2040.82 6530.61 0.00215879
2040.82 6734.69 0.00284508
2040.82 6938.78 0.00302058
2040.82 7142.86 0.00257686
2040.82 7346.94 0.00163989
2040.82 7551.02 0.000503514
2040.82 7755.1 -0.000481104
2040.82 7959.18 -0.00102849
2040.82 8163.27 -0.00102698
2040.82 8367.35 -0.000589157
2040.82 8571.43 -1.08049e-06
2040.82 8775.51 0.000425347
2040.82 8979.59 0.000517747
2040.82 9183.67 0.000318489
2040.82 9387.75 2.03161e-05
2040.82 9591.84 -0.000184446
2040.82 9795.92 -0.000223868
2040.82 10000 -0.000150014
2244.9 0 0.000185055
2244.9 204.082 -0.000129698
2244.9 408.163 -0.000303958
2244.9 612.245 -0.000185016
2244.9 816.327 0.000187382
2244.9 1020.41 0.00055094
2244.9 1224.49 0.000586848
2244.9 1428.57 0.000166079
2244.9 1632.65 -0.000519952
2244.9 1836.73 -0.00105495
2244.9 2040.82 -0.00105671
2244.9 2244.9 -0.0004168
2244.9 2448.98 0.000633898
2244.9 2653.06 0.00164442
2244.9 2857.14 0.00213298
2244.9 3061.22 0.00172855
2244.9 3265.31 0.000239872
2244.9 3469.39 -0.00230228
2244.9 3673.47 -0.00560633
2244.9 3877.55 -0.00816676
2244.9 4081.63 -0.00947409
2244.9 4285.71 -0.0101281
2244.9 4489.8 -0.0103588
2244.9 4693.88 -0.0103686
2244.9 4897.96 -0.0103131
2244.9 5102.04 -0.0102899
2244.9 5306.12 -0.0103312
2244.9 5510.2 -0.0104024
2244.9 5714.29 -0.0104028
2244.9 5918.37 -0.0101728
2244.9 6122.45 -0.00950588
2244.9 6326.53 -0.00817014
2244.9 6530.61 -0.00557261
2244.9 6734.69 -0.00225124
2244.9 6938.78 0.000275742
2244.9 7142.86 0.00172429
2244.9 7346.94 0.00209022
2244.9 7551.02 0.00159525
2244.9 7755.1 0.000621598
2244.9 7959.18 -0.000371467
2244.9 8163.27 -0.000979368
2244.9 8367.35 -0.00100773
2244.9 8571.43 -0.000555976
2244.9 8775.51 5.43354e-05
2244.9 8979.59 0.000480352
2244.9 9183.67 0.000553278
2244.9 9387.75 0.000335466
2244.9 9591.84 1.92172e-05
2244.9 9795.92 -0.000228815
2244.9 10000 -0.00034949
2448.98 0 1.80452e-05
2448.98 204.082 -0.00018465
2448.98 408.163 -0.000202716
2448.98 612.245 4.52365e-05
2448.98 816.327 0.000419388
2448.98 1020.41 0.000599293
2448.98 1224.49 0.000328357
2448.98 1428.57 -0.000329786
2448.98 1632.65 -0.000963204
2448.98 1836.73 -0.00107534
2448.98 2040.82 -0.000454923
2448.98 2244.9 0.000633898
2448.98 2448.98 0.00158093
2448.98 2653.06 0.00175369
2448.98 2857.14 0.000751772
2448.98 3061.22 -0.00156549
2448.98 3265.31 -0.0052017
2448.98 3469.39 -0.00853133
2448.98 3673.47 -0.00952331
2448.98 3877.55 -0.0100813
2448.98 4081.63 -0.0105484
2448.98 4285.71 -0.0110556
2448.98 4489.8 -0.0115906
2448.98 4693.88 -0.0120727
2448.98 4897.96 -0.0124106
2448.98 5102.04 -0.0125367
2448.98 5306.12 -0.0124256
2448.98 5510.2 -0.0120995
2448.98 5714.29 -0.0116228
2448.98 5918.37 -0.0110842
2448.98 6122.45 -0.0105622
2448.98 6326.53 -0.0100703
2448.98 6530.61 -0.00948354
2448.98 6734.69 -0.00847184
2448.98 6938.78 -0.00516021
2448.98 7142.86 -0.00157239
2448.98 7346.94 0.000706546
2448.98 7551.02 0.00171107
2448.98 7755.1 0.00158632
2448.98 7959.18 0.000699831
2448.98 8163.27 -0.0003686
2448.98 8367.35 -0.00104077
2448.98 8571.43 -0.00102842
2448.98 8775.51 -0.000466303
2448.98 8979.59 0.000224817
2448.98 9183.67 0.000637398
2448.98 9387.75 0.000611748
2448.98 9591.84 0.000259853
2448.98 9795.92 -0.000183213
2448.98 10000 -0.00052652
2653.06 0 -0.000163956
2653.06 204.082 -0.000213171
2653.06 408.163 -5.82745e-05
2653.06 612.245 0.000280205
2653.06 816.327 0.000564228
2653.06 1020.41 0.000470628
2653.06 1224.49 -0.000104884
2653.06 1428.57 -0.000844569
2653.06 1632.65 -0.00115645
2653.06 1836.73 -0.000629311
2653.06 2040.82 0.000557759
2653.06 2244.9 0.00164442
2653.06 2448.98 0.00175369
2653.06 2653.06 0.000442953
2653.06 2857.14 -0.00211954
2653.06 3061.22 -0.00548775
2653.06 3265.31 -0.00527064
2653.06 3469.39 -0.00299156
2653.06 3673.47 -0.000762015
2653.06 3877.55 0.000611041
2653.06 4081.63 0.000899883
2653.06 4285.71 0.000286039
2653.06 4489.8 -0.000838168
2653.06 4693.88 -0.00203227
2653.06 4897.96 -0.00291768
2653.06 5102.04 -0.00324465
2653.06 5306.12 -0.00292563
2653.06 5510.2 -0.00204554
2653.06 5714.29 -0.000851842
2653.06 5918.37 0.000278518
2653.06 6122.45 0.000905305
2653.06 6326.53 0.000633852
2653.06 6530.61 -0.000723205
2653.06 6734.69 -0.00294787
2653.06 6938.78 -0.00524488
2653.06 7142.86 -0.00550849
2653.06 7346.94 -0.00217501
2653.06 7551.02 0.000403735
2653.06 7755.1 0.00177674
2653.06 7959.18 0.0017312
2653.06 8163.27 0.000651669
2653.06 8367.35 -0.000609868
2653.06 8571.43 -0.00125178
2653.06 8775.51 -0.00100304
2653.06 8979.59 -0.000199939
2653.06 9183.67 0.000548034
2653.06 9387.75 0.000797384
2653.06 9591.84 0.000494814
2653.06 9795.92 -0.000103936
2653.06 10000 -0.000674697
2857.14 0 -0.000342206
2857.14 204.082 -0.000210766
2857.14 408.163 0.000115131
2857.14 612.245 0.000495123
2857.14 816.327 0.000610757
2857.14 1020.41 0.000199436
2857.14 1224.49 -0.000615073
2857.14 1428.57 -0.00124187
2857.14 1632.65 -0.00100579
2857.14 1836.73 0.000219911
2857.14 2040.82 0.00168216
2857.14 2244.9 0.00213298
2857.14 2448.98 0.000751772
2857.14 2653.06 -0.00211954
2857.14 2857.14 -0.0051083
2857.14 3061.22 -0.00147097
2857.14 3265.31 0.00533633
2857.14 3469.39 0.0123521
2857.14 3673.47 0.0177893
2857.14 3877.55 0.0208785
2857.14 4081.63 0.0216791
2857.14 4285.71 0.0207635
2857.14 4489.8 0.0189234
2857.14 4693.88 0.0169494
2857.14 4897.96 0.0154868
2857.14 5102.04 0.0149515
2857.14 5306.12 0.0154867
2857.14 5510.2 0.0169506
2857.14 5714.29 0.0189286
2857.14 5918.37 0.0207758
2857.14 6122.45 0.0217008
2857.14 6326.53 0.020909
2857.14 6530.61 0.0178233
2857.14 6734.69 0.0123779
2857.14 6938.78 0.00533669
2857.14 7142.86 -0.00151188
2857.14 7346.94 -0.00518522
2857.14 7551.02 -0.00216095
2857.14 7755.1 0.000790133
2857.14 7959.18 0.00223828
2857.14 8163.27 0.00177969
2857.14 8367.35 0.000219903
2857.14 8571.43 -0.00113268
2857.14 8775.51 -0.00141854
2857.14 8979.59 -0.000694078
2857.14 9183.67 0.000322152
2857.14 9387.75 0.000883328
2857.14 9591.84 0.000699909
2857.14 9795.92 -7.65866e-06
2857.14 10000 -0.000795895
3061.22 0 -0.000510517
3061.22 204.082 -0.000181628
3061.22 408.163 0.000306086
3061.22 612.245 0.000685594
3061.22 816.327 0.000583518
3061.22 1020.41 -0.000144966
3061.22 1224.49 -0.00109822
3061.22 1428.57 -0.0014326
3061.22 1632.65 -0.000517328
3061.22 1836.73 0.00130049
3061.22 2040.82 0.00258263
3061.22 2244.9 0.00172855
3061.22 2448.98 -0.00156549
3061.22 2653.06 -0.00548775
3061.22 2857.14 -0.00147097
3061.22 3061.22 0.009001
3061.22 3265.31 0.0214686
3061.22 3469.39 0.0327214
3061.22 3673.47 0.0408588
3061.22 3877.55 0.0452958
3061.22 4081.63 0.0464167
3061.22 4285.71 0.0451591
3061.22 4489.8 0.0426592
3061.22 4693.88 0.0399976
3061.22 4897.96 0.0380357
3061.22 5102.04 0.0373215
3061.22 5306.12 0.0380425
3061.22 5510.2 0.0400114
3061.22 5714.29 0.0426803
3061.22 5918.37 0.0451872
3061.22 6122.45 0.04645
3061.22 6326.53 0.0453298
3061.22 6530.61 0.0408855
3061.22 6734.69 0.0327295
3061.22 6938.78 0.0214457
3061.22 7142.86 0.00894137
3061.22 7346.94 -0.00155303
3061.22 7551.02 -0.0055351
3061.22 7755.1 -0.00151302
3061.22 7959.18 0.00184999
3061.22 8163.27 0.00267888
3061.22 8367.35 0.00127559
3061.22 8571.43 -0.000677894
3061.22 8775.51 -0.00162359
3061.22 8979.59 -0.00115274
3061.22 9183.67 3.05178e-05
3061.22 9387.75 0.000895898
3061.22 9591.84 0.000872168
3061.22 9795.92 9.40362e-05
3061.22 10000 -0.000897243
3265.31 0 -0.000677649
3265.31 204.082 -0.000139607
3265.31 408.163 0.000504663
3265.31 612.245 0.000860478
3265.31 816.327 0.000522898
3265.31 1020.41 -0.000494038
3265.31 1224.49 -0.00148849
3265.31 1428.57 -0.00140829
3265.31 1632.65 0.000208463
3265.31 1836.73 0.00239627
3265.31 2040.82 0.00299361
3265.31 2244.9 0.000239872
3265.31 2448.98 -0.0052017
3265.31 2653.06 -0.00527064
3265.31 2857.14 0.00533633
3265.31 3061.22 0.0214686
3265.31 3265.31 0.0385677
3265.31 3469.39 0.0531399
3265.31 3673.47 0.0633327
3265.31 3877.55 0.0687762
3265.31 4081.63 0.0701339
3265.31 4285.71 0.0686274
3265.31 4489.8 0.0656498
3265.31 4693.88 0.0624921
3265.31 4897.96 0.0601708
3265.31 5102.04 0.0593281
3265.31 5306.12 0.0601829
3265.31 5510.2 0.0625155
3265.31 5714.29 0.0656826
3265.31 5918.37 0.0686665
3265.31 6122.45 0.0701742
3265.31 6326.53 0.0688103
3265.31 6530.61 0.0633511
3265.31 6734.69 0.0531321
3265.31 6938.78 0.0385258
3265.31 7142.86 0.0213943
3265.31 7346.94 0.00525131
3265.31 7551.02 -0.00531293
3265.31 7755.1 -0.00513172
3265.31 7959.18 0.000378011
3265.31 8163.27 0.00308524
3265.31 8367.35 0.00234176
3265.31 8571.43 1.24171e-05
3265.31 8775.51 -0.00160984
3265.31 8979.59 -0.0015106
3265.31 9183.67 -0.000258786
3265.31 9387.75 0.000875801
3265.31 9591.84 0.00102215
3265.31 9795.92 0.000194124
3265.31 10000 -0.000989514
3469.39 0 -0.000858596
3469.39 204.082 -0.000101277
3469.39 408.163 0.000703413
3469.39 612.245 0.00103292
3469.39 816.327 0.000464797
3469.39 1020.41 -0.000807211
3469.39 1224.49 -0.00178004
3469.39 1428.57 -0.00123928
3469.39 1632.65 0.00101815
3469.39 1836.73 0.00332687
3469.39 2040.82 0.00280944
3469.39 2244.9 -0.00230228
3469.39 2448.98 -0.00853133
3469.39 2653.06 -0.00299156
3469.39 2857.14 0.0123521
3469.39 3061.22 0.0327214
3469.39 3265.31 0.0531399
3469.39 3469.39 0.0700431
3469.39 3673.47 0.0816839
3469.39 3877.55 0.0878705
3469.39 4081.63 0.0894623
3469.39 4285.71 0.0878677
3469.39 4489.8 0.084643
3469.39 4693.88 0.0812119
3469.39 4897.96 0.078688
3469.39 5102.04 0.0777725
3469.39 5306.12 0.0787038
3469.39 5510.2 0.0812418
3469.39 5714.29 0.0846835
3469.39 5918.37 0.0879134
3469.39 6122.45 0.0895057
3469.39 6326.53 0.0879023
3469.39 6530.61 0.081694
3469.39 6734.69 0.0700222
3469.39 6938.78 0.0530839
3469.39 7142.86 0.0326378
3469.39 7346.94 0.0122673
3469.39 7551.02 -0.00302588
3469.39 7755.1 -0.00844768
3469.39 7959.18 -0.00214253
3469.39 8163.27 0.00289647
3469.39 8367.35 0.00324069
3469.39 8571.43 0.000786424
3469.39 8775.51 -0.00144755
3469.39 8979.59 -0.00176341
3469.39 9183.67 -0.000507737
3469.39 9387.75 0.000857043
3469.39 9591.84 0.00116335
3469.39 9795.92 0.000288401
3469.39 10000 -0.00108408
3673.47 0 -0.00106162
3673.47 204.082 -7.54292e-05
3673.47 408.163 0.000901148
3673.47 612.245 0.00121574
3673.47 816.327 0.000430752
3673.47 1020.41 -0.00107851
3673.47 1224.49 -0.00201795
3673.47 1428.57 -0.00103927
3673.47 1632.65 0.00176678
3673.47 1836.73 0.00401848
3673.47 2040.82 0.00214028
3673.47 2244.9 -0.00560633
3673.47 2448.98 -0.00952331
3673.47 2653.06 -0.000762015
3673.47 2857.14 0.0177893
3673.47 3061.22 0.0408588
3673.47 3265.31 0.0633327
3673.47 3469.39 0.0816839
3673.47 3673.47 0.0942666
3673.47 3877.55 0.101003
3673.47 4081.63 0.10286
3673.47 4285.71 0.101343
3673.47 4489.8 0.0980883
3673.47 4693.88 0.0945869
3673.47 4897.96 0.0920013
3673.47 5102.04 0.0910628
3673.47 5306.12 0.0920194
3673.47 5510.2 0.0946208
3673.47 5714.29 0.0981331
3673.47 5918.37 0.101392
3673.47 6122.45 0.102904
3673.47 6326.53 0.101031
3673.47 6530.61 0.0942691
3673.47 6734.69 0.0816528
3673.47 6938.78 0.0632673
3673.47 7142.86 0.0407709
3673.47 7346.94 0.0177085
3673.47 7551.02 -0.000786161
3673.47 7755.1 -0.00943632
3673.47 7959.18 -0.00541669
3673.47 8163.27 0.00222613
3673.47 8367.35 0.00390194
3673.47 8571.43 0.00150161
3673.47 8775.51 -0.00125015
3673.47 8979.59 -0.00195857
3673.47 9183.67 -0.000714401
3673.47 9387.75 0.000857436
3673.47 9591.84 0.00130715
3673.47 9795.92 0.000377024
3673.47 10000 -0.0011867
3877.55 0 -0.00128347
3877.55 204.082 -5.98898e-05
3877.55 408.163 0.00110323
3877.55 612.245 0.00141951
3877.55 816.327 0.000428322
3877.55 1020.41 -0.0013253
3877.55 1224.49 -0.00226769
3877.55 1428.57 -0.000915931
3877.55 1632.65 0.00236981
3877.55 1836.73 0.00453028
3877.55 2040.82 0.00129878
3877.55 2244.9 -0.00816676
3877.55 2448.98 -0.0100813
3877.55 2653.06 0.000611041
3877.55 2857.14 0.0208785
3877.55 3061.22 0.0452958
3877.55 3265.31 0.0687762
3877.55 3469.39 0.0878705
3877.55 3673.47 0.101003
3877.55 3877.55 0.108145
3877.55 4081.63 0.110297
3877.55 4285.71 0.108986
3877.55 4489.8 0.105869
3877.55 4693.88 0.102452
3877.55 4897.96 0.0999119
3877.55 5102.04 0.0989881
3877.55 5306.12 0.0999313
3877.55 5510.2 0.102488
3877.55 5714.29 0.105916
3877.55 5918.37 0.109035
3877.55 6122.45 0.11034
3877.55 6326.53 0.10817
3877.55 6530.61 0.100999
3877.55 6734.69 0.087832
3877.55 6938.78 0.0687052
3877.55 7142.86 0.0452074
3877.55 7346.94 0.0208045
3877.55 7551.02 0.000598859
3877.55 7755.1 -0.00998687
3877.55 7959.18 -0.00797188
3877.55 8163.27 0.00138861
3877.55 8367.35 0.00438744
3877.55 8571.43 0.00207575
3877.55 8775.51 -0.00112511
3877.55 8979.59 -0.00216419
3877.55 9183.67 -0.000900448
3877.55 9387.75 0.000880784
3877.55 9591.84 0.0014628
3877.55 9795.92 0.000466635
3877.55 10000 -0.00129302
4081.63 0 -0.00151401
4081.63 204.082 -4.8074e-05
4081.63 408.163 0.00131445
4081.63 612.245 0.00164787
4081.63 816.327 0.000454553
4081.63 1020.41 -0.00156961
4081.63 1224.49 -0.00257924
4081.63 1428.57 -0.000929613
4081.63 1632.65 0.00282048
4081.63 1836.73 0.00501346
4081.63 2040.82 0.000689599
4081.63 2244.9 -0.00947409
4081.63 2448.98 -0.0105484
4081.63 2653.06 0.000899883
4081.63 2857.14 0.0216791
4081.63 3061.22 0.0464167
4081.63 3265.31 0.0701339
4081.63 3469.39 0.0894623
4081.63 3673.47 0.10286
4081.63 3877.55 0.110297
4081.63 4081.63 0.112751
4081.63 4285.71 0.111722
4081.63 4489.8 0.108846
4081.63 4693.88 0.105611
4081.63 4897.96 0.103184
4081.63 5102.04 0.102299
4081.63 5306.12 0.103204
4081.63 5510.2 0.105648
4081.63 5714.29 0.108893
4081.63 5918.37 0.111771
4081.63 6122.45 0.112791
4081.63 6326.53 0.110317
4081.63 6530.61 0.102851
4081.63 6734.69 0.0894186
4081.63 6938.78 0.07006
4081.63 7142.86 0.0463303
4081.63 7346.94 0.0216133
4081.63 7551.02 0.000900115
4081.63 7755.1 -0.0104446
4081.63 7959.18 -0.00928422
4081.63 8163.27 0.00078784
4081.63 8367.35 0.00484958
4081.63 8571.43 0.00250338
4081.63 8775.51 -0.00113319
4081.63 8979.59 -0.00243281
4081.63 9183.67 -0.00109135
4081.63 9387.75 0.000922345
4081.63 9591.84 0.00163554
4081.63 9795.92 0.000566507
4081.63 10000 -0.00139148
4285.71 0 -0.00174076
4285.71 204.082 -3.69291e-05
4285.71 408.163 0.00152943
4285.71 612.245 0.00189109
4285.71 816.327 0.00049917
4285.71 1020.41 -0.00182135
4285.71 1224.49 -0.00296118
4285.71 1428.57 -0.00107739
4285.71 1632.65 0.00316435
4285.71 1836.73 0.00561219
4285.71 2040.82 0.000624532
4285.71 2244.9 -0.0101281
4285.71 2448.98 -0.0110556
4285.71 2653.06 0.000286039
4285.71 2857.14 0.0207635
4285.71 3061.22 0.0451591
4285.71 3265.31 0.0686274
4285.71 3469.39 0.0878677
4285.71 3673.47 0.101343
4285.71 3877.55 0.108986
4285.71 4081.63 0.111722
4285.71 4285.71 0.110999
4285.71 4489.8 0.108405
4285.71 4693.88 0.105395
4285.71 4897.96 0.103112
4285.71 5102.04 0.102276
4285.71 5306.12 0.103132
4285.71 5510.2 0.105432
4285.71 5714.29 0.108452
4285.71 5918.37 0.111047
4285.71 6122.45 0.11176
4285.71 6326.53 0.109002
4285.71 6530.61 0.101329
4285.71 6734.69 0.0878205
4285.71 6938.78 0.0685525
4285.71 7142.86 0.0450757
4285.71 7346.94 0.0207058
4285.71 7551.02 0.000297739
4285.71 7755.1 -0.0109424
4285.71 7959.18 -0.00993856
4285.71 8163.27 0.000733161
4285.71 8367.35 0.00543222
4285.71 8571.43 0.00283011
4285.71 8775.51 -0.00127263
4285.71 8979.59 -0.00277548
4285.71 9183.67 -0.00129897
4285.71 9387.75 0.000972738
4285.71 9591.84 0.00182054
4285.71 9795.92 0.000678792
4285.71 10000 -0.00147222
4489.8 0 -0.00194798
4489.8 204.082 -2.75287e-05
4489.8 408.163 0.00173077
4489.8 612.245 0.00212582
4489.8 816.327 0.000549371
4489.8 1020.41 -0.00206863
4489.8 1224.49 -0.0033742
4489.8 1428.57 -0.0013049
4489.8 1632.65 0.00345026
4489.8 1836.73 0.00636071
4489.8 2040.82 0.000499644
4489.8 2244.9 -0.0103588
4489.8 2448.98 -0.0115906
4489.8 2653.06 -0.000838168
4489.8 2857.14 0.0189234
4489.8 3061.22 0.0426592
4489.8 3265.31 0.0656498
4489.8 3469.39 0.084643
4489.8 3673.47 0.0980883
4489.8 3877.55 0.105869
4489.8 4081.63 0.108846
4489.8 4285.71 0.108405
4489.8 4489.8 0.106082
4489.8 4693.88 0.103293
4489.8 4897.96 0.101152
4489.8 5102.04 0.100366
4489.8 5306.12 0.101172
4489.8 5510.2 0.103329
4489.8 5714.29 0.106128
4489.8 5918.37 0.108451
4489.8 6122.45 0.108881
4489.8 6326.53 0.105882
4489.8 6530.61 0.0980718
4489.8 6734.69 0.0845936
4489.8 6938.78 0.0655747
4489.8 7142.86 0.042579
4489.8 7346.94 0.0188727
4489.8 7551.02 -0.000816992
4489.8 7755.1 -0.0114694
4489.8 7959.18 -0.0101679
4489.8 8163.27 0.000605505
4489.8 8367.35 0.00616859
4489.8 8571.43 0.00310398
4489.8 8775.51 -0.00149079
4489.8 8979.59 -0.0031551
4489.8 9183.67 -0.00151216
4489.8 9387.75 0.00102198
4489.8 9591.84 0.00200087
4489.8 9795.92 0.000793267
4489.8 10000 -0.00153254
4693.88 0 -0.00211506
4693.88 204.082 -2.00216e-05
4693.88 408.163 0.00189684
4693.88 612.245 0.00232326
4693.88 816.327 0.000594968
4693.88 1020.41 -0.00228042
4693.88 1224.49 -0.00374604
4693.88 1428.57 -0.00153481
4693.88 1632.65 0.00369298
4693.88 1836.73 0.00714457
4693.88 2040.82 0.000641032
4693.88 2244.9 -0.0103686
4693.88 2448.98 -0.0120727
4693.88 2653.06 -0.00203227
4693.88 2857.14 0.0169494
4693.88 3061.22 0.0399976
4693.88 3265.31 0.0624921
4693.88 3469.39 0.0812119
4693.88 3673.47 0.0945869
4693.88 3877.55 0.102452
4693.88 4081.63 0.105611
4693.88 4285.71 0.105395
4693.88 4489.8 0.103293
4693.88 4693.88 0.100686
4693.88 4897.96 0.0986631
4693.88 5102.04 0.0979171
4693.88 5306.12 0.0986828
4693.88 5510.2 0.100721
4693.88 5714.29 0.103338
4693.88 5918.37 0.10544
4693.88 6122.45 0.105645
4693.88 6326.53 0.102464
4693.88 6530.61 0.0945683
4693.88 6734.69 0.0811611
4693.88 6938.78 0.0624173
4693.88 7142.86 0.0399201
4693.88 7346.94 0.016904
4693.88 7551.02 -0.00200423
4693.88 7755.1 -0.0119459
4693.88 7959.18 -0.0101763
4693.88 8163.27 0.000744795
4693.88 8367.35 0.00694349
4693.88 8571.43 0.00333873
4693.88 8775.51 -0.00171226
4693.88 8979.59 -0.0035013
4693.88 9183.67 -0.00169977
4693.88 9387.75 0.0010635
4693.88 9591.84 0.00215391
4693.88 9795.92 0.000893178
4693.88 10000 -0.00157355
4897.96 0 -0.00222196
4897.96 204.082 -1.33612e-05
4897.96 408.163 0.0020081
4897.96 612.245 0.00245676
4897.96 816.327 0.000628608
4897.96 1020.41 -0.00242108
4897.96 1224.49 -0.00400062
4897.96 1428.57 -0.00169714
4897.96 1632.65 0.00386871
4897.96 1836.73 0.00775207
4897.96 2040.82 0.000853489
4897.96 2244.9 -0.0103131
4897.96 2448.98 -0.0124106
4897.96 2653.06 -0.00291768
4897.96 2857.14 0.0154868
4897.96 3061.22 0.0380357
4897.96 3265.31 0.0601708
4897.96 3469.39 0.078688
4897.96 3673.47 0.0920013
4897.96 3877.55 0.0999119
4897.96 4081.63 0.103184
4897.96 4285.71 0.103112
4897.96 4489.8 0.101152
4897.96 4693.88 0.0986631
4897.96 4897.96 0.0967177
4897.96 5102.04 0.0959984
4897.96 5306.12 0.0967373
4897.96 5510.2 0.0986987
4897.96 5714.29 0.101197
4897.96 5918.37 0.103156
4897.96 6122.45 0.103217
4897.96 6326.53 0.0999222
4897.96 6530.61 0.0919816
4897.96 6734.69 0.0786365
4897.96 6938.78 0.0600962
4897.96 7142.86 0.0379599
4897.96 7346.94 0.0154446
4897.96 7551.02 -0.00288569
4897.96 7755.1 -0.0122806
4897.96 7959.18 -0.0101203
4897.96 8163.27 0.000956033
4897.96 8367.35 0.0075451
4897.96 8571.43 0.00350982
4897.96 8775.51 -0.00186866
4897.96 8979.59 -0.0037395
4897.96 9183.67 -0.0018257
4897.96 9387.75 0.00109352
4897.96 9591.84 0.00225849
4897.96 9795.92 0.000962725
4897.96 10000 -0.00159613
5102.04 0 -0.00225702
5102.04 204.082 -9.20709e-06
5102.04 408.163 0.00204859
5102.04 612.245 0.00250549
5102.04 816.327 0.000643444
5102.04 1020.41 -0.00246628
5102.04 1224.49 -0.00408528
5102.04 1428.57 -0.00174879
5102.04 1632.65 0.00393902
5102.04 1836.73 0.00798332
5102.04 2040.82 0.000943225
5102.04 2244.9 -0.0102899
5102.04 2448.98 -0.0125367
5102.04 2653.06 -0.00324465
5102.04 2857.14 0.0149515
5102.04 3061.22 0.0373215
5102.04 3265.31 0.0593281
5102.04 3469.39 0.0777725
5102.04 3673.47 0.0910628
5102.04 3877.55 0.0989881
5102.04 4081.63 0.102299
5102.04 4285.71 0.102276
5102.04 4489.8 0.100366
5102.04 4693.88 0.0979171
5102.04 4897.96 0.0959984
5102.04 5102.04 0.0952884
5102.04 5306.12 0.096018
5102.04 5510.2 0.0979527
5102.04 5714.29 0.10041
5102.04 5918.37 0.10232
5102.04 6122.45 0.102331
5102.04 6326.53 0.098998
5102.04 6530.61 0.0910426
5102.04 6734.69 0.0777208
5102.04 6938.78 0.0592535
5102.04 7142.86 0.0372461
5102.04 7346.94 0.0149101
5102.04 7551.02 -0.00321169
5102.04 7755.1 -0.012406
5102.04 7959.18 -0.0100973
5102.04 8163.27 0.0010449
5102.04 8367.35 0.00777398
5102.04 8571.43 0.00357858
5102.04 8775.51 -0.00191794
5102.04 8979.59 -0.003818
5102.04 9183.67 -0.00186523
5102.04 9387.75 0.00110774
5102.04 9591.84 0.00229788
5102.04 9795.92 0.000989326
5102.04 10000 -0.00160185
5306.12 0 -0.00221747
5306.12 204.082 -9.69869e-06
5306.12 408.163 0.00201102
5306.12 612.245 0.00246026
5306.12 816.327 0.000634942
5306.12 1020.41 -0.0024099
5306.12 1224.49 -0.00398449
5306.12 1428.57 -0.00167904
5306.12 1632.65 0.00388279
5306.12 1836.73 0.00775494
5306.12 2040.82 0.000840874
5306.12 2244.9 -0.0103312
5306.12 2448.98 -0.0124256
5306.12 2653.06 -0.00292563
5306.12 2857.14 0.0154867
5306.12 3061.22 0.0380425
5306.12 3265.31 0.0601829
5306.12 3469.39 0.0787038
5306.12 3673.47 0.0920194
5306.12 3877.55 0.0999313
5306.12 4081.63 0.103204
5306.12 4285.71 0.103132
5306.12 4489.8 0.101172
5306.12 4693.88 0.0986828
5306.12 4897.96 0.0967373
5306.12 5102.04 0.096018
5306.12 5306.12 0.096757
5306.12 5510.2 0.0987186
5306.12 5714.29 0.101217
5306.12 5918.37 0.103176
5306.12 6122.45 0.103237
5306.12 6326.53 0.0999417
5306.12 6530.61 0.0919997
5306.12 6734.69 0.0786522
5306.12 6938.78 0.060108
5306.12 7142.86 0.0379662
5306.12 7346.94 0.0154437
5306.12 7551.02 -0.00289458
5306.12 7755.1 -0.0122967
5306.12 7959.18 -0.0101397
5306.12 8163.27 0.000942152
5306.12 8367.35 0.00754723
5306.12 8571.43 0.00352395
5306.12 8775.51 -0.00184976
5306.12 8979.59 -0.00372185
5306.12 9183.67 -0.00181245
5306.12 9387.75 0.00110217
5306.12 9591.84 0.00226405
5306.12 9795.92 0.000966855
5306.12 10000 -0.0015925
5510.2 0 -0.00210716
5510.2 204.082 -1.39054e-05
5510.2 408.163 0.00190112
5510.2 612.245 0.00232785
5510.2 816.327 0.000603762
5510.2 1020.41 -0.00226392
5510.2 1224.49 -0.00372163
5510.2 1428.57 -0.00150765
5510.2 1632.65 0.00371262
5510.2 1836.73 0.00714454
5510.2 2040.82 0.00061504
5510.2 2244.9 -0.0104024
5510.2 2448.98 -0.0120995
5510.2 2653.06 -0.00204554
5510.2 2857.14 0.0169506
5510.2 3061.22 0.0400114
5510.2 3265.31 0.0625155
5510.2 3469.39 0.0812418
5510.2 3673.47 0.0946208
5510.2 3877.55 0.102488
5510.2 4081.63 0.105648
5510.2 4285.71 0.105432
5510.2 4489.8 0.103329
5510.2 4693.88 0.100721
5510.2 4897.96 0.0986987
5510.2 5102.04 0.0979527
5510.2 5306.12 0.0987186
5510.2 5510.2 0.100758
5510.2 5714.29 0.103375
5510.2 5918.37 0.105477
5510.2 6122.45 0.105682
5510.2 6326.53 0.1025
5510.2 6530.61 0.0946022
5510.2 6734.69 0.0811908
5510.2 6938.78 0.0624401
5510.2 7142.86 0.039933
5510.2 7346.94 0.0169039
5510.2 7551.02 -0.00201919
5510.2 7755.1 -0.0119746
5510.2 7959.18 -0.0102122
5510.2 8163.27 0.000716937
5510.2 8367.35 0.00694262
5510.2 8571.43 0.00335873
5510.2 8775.51 -0.00168368
5510.2 8979.59 -0.00347454
5510.2 9183.67 -0.00168018
5510.2 9387.75 0.00107568
5510.2 9591.84 0.00216138
5510.2 9795.92 0.000898854
5510.2 10000 -0.00156815
5714.29 0 -0.00193895
5714.29 204.082 -2.14768e-05
5714.29 408.163 0.00173344
5714.29 612.245 0.00212747
5714.29 816.327 0.000554604
5714.29 1020.41 -0.00205557
5714.29 1224.49 -0.00335296
5714.29 1428.57 -0.00128147
5714.29 1632.65 0.00346407
5714.29 1836.73 0.00635135
5714.29 2040.82 0.000460771
5714.29 2244.9 -0.0104028
5714.29 2448.98 -0.0116228
5714.29 2653.06 -0.000851842
5714.29 2857.14 0.0189286
5714.29 3061.22 0.0426803
5714.29 3265.31 0.0656826
5714.29 3469.39 0.0846835
5714.29 3673.47 0.0981331
5714.29 3877.55 0.105916
5714.29 4081.63 0.108893
5714.29 4285.71 0.108452
5714.29 4489.8 0.106128
5714.29 4693.88 0.103338
5714.29 4897.96 0.101197
5714.29 5102.04 0.10041
5714.29 5306.12 0.101217
5714.29 5510.2 0.103375
5714.29 5714.29 0.106175
5714.29 5918.37 0.108498
5714.29 6122.45 0.108929
5714.29 6326.53 0.10593
5714.29 6530.61 0.0981167
5714.29 6734.69 0.0846338
5714.29 6938.78 0.0656068
5714.29 7142.86 0.042599
5714.29 7346.94 0.0188763
5714.29 7551.02 -0.00083268
5714.29 7755.1 -0.0115039
5714.29 7959.18 -0.0102139
5714.29 8163.27 0.000565307
5714.29 8367.35 0.00615921
5714.29 8571.43 0.00311872
5714.29 8775.51 -0.00146581
5714.29 8979.59 -0.00313182
5714.29 9183.67 -0.00149663
5714.29 9387.75 0.00102982
5714.29 9591.84 0.00200451
5714.29 9795.92 0.000796305
5714.29 10000 -0.00152845
5918.37 0 -0.0017338
5918.37 204.082 -3.43054e-05
5918.37 408.163 0.00152701
5918.37 612.245 0.00188584
5918.37 816.327 0.00049568
5918.37 1020.41 -0.00181871
5918.37 1224.49 -0.0029518
5918.37 1428.57 -0.00106667
5918.37 1632.65 0.00316584
5918.37 1836.73 0.00559297
5918.37 2040.82 0.000578382
5918.37 2244.9 -0.0101728
5918.37 2448.98 -0.0110842
5918.37 2653.06 0.000278518
5918.37 2857.14 0.0207758
5918.37 3061.22 0.0451872
5918.37 3265.31 0.0686665
5918.37 3469.39 0.0879134
5918.37 3673.47 0.101392
5918.37 3877.55 0.109035
5918.37 4081.63 0.111771
5918.37 4285.71 0.111047
5918.37 4489.8 0.108451
5918.37 4693.88 0.10544
5918.37 4897.96 0.103156
5918.37 5102.04 0.10232
5918.37 5306.12 0.103176
5918.37 5510.2 0.105477
5918.37 5714.29 0.108498
5918.37 5918.37 0.111095
5918.37 6122.45 0.111809
5918.37 6326.53 0.109052
5918.37 6530.61 0.101378
5918.37 6734.69 0.0878658
5918.37 6938.78 0.0685907
5918.37 7142.86 0.0451025
5918.37 7346.94 0.0207165
5918.37 7551.02 0.000288381
5918.37 7755.1 -0.0109726
5918.37 7959.18 -0.0099842
5918.37 8163.27 0.000687456
5918.37 8367.35 0.00541429
5918.37 8571.43 0.00283294
5918.37 8775.51 -0.00126099
5918.37 8979.59 -0.00276561
5918.37 9183.67 -0.00129597
5918.37 9387.75 0.000969645
5918.37 9591.84 0.00181538
5918.37 9795.92 0.000675356
5918.37 10000 -0.00147242
6122.45 0 -0.00151191
6122.45 204.082 -5.15237e-05
6122.45 408.163 0.00130484
6122.45 612.245 0.00163423
6122.45 816.327 0.00044122
6122.45 1020.41 -0.00157849
6122.45 1224.49 -0.00258267
6122.45 1428.57 -0.000931413
6122.45 1632.65 0.00281278
6122.45 1836.73 0.00499261
6122.45 2040.82 0.000653669
6122.45 2244.9 -0.00950588
6122.45 2448.98 -0.0105622
6122.45 2653.06 0.000905305
6122.45 2857.14 0.0217008
6122.45 3061.22 0.04645
6122.45 3265.31 0.0701742
6122.45 3469.39 0.0895057
6122.45 3673.47 0.102904
6122.45 3877.55 0.11034
6122.45 4081.63 0.112791
6122.45 4285.71 0.11176
6122.45 4489.8 0.108881
6122.45 4693.88 0.105645
6122.45 4897.96 0.103217
6122.45 5102.04 0.102331
6122.45 5306.12 0.103237
6122.45 5510.2 0.105682
6122.45 5714.29 0.108929
6122.45 5918.37 0.111809
6122.45 6122.45 0.112831
6122.45 6326.53 0.11036
6122.45 6530.61 0.102895
6122.45 6734.69 0.0894616
6122.45 6938.78 0.0700995
6122.45 7142.86 0.0463624
6122.45 7346.94 0.0216336
6122.45 7551.02 0.000904423
6122.45 7755.1 -0.0104588
6122.45 7959.18 -0.00931504
6122.45 8163.27 0.000754406
6122.45 8367.35 0.00483101
6122.45 8571.43 0.00249673
6122.45 8775.51 -0.00113559
6122.45 8979.59 -0.00243814
6122.45 9183.67 -0.00110256
6122.45 9387.75 0.000907064
6122.45 9591.84 0.00162055
6122.45 9795.92 0.000555594
6122.45 10000 -0.00139698
6326.53 0 -0.00128666
6326.53 204.082 -6.91286e-05
6326.53 408.163 0.00108794
6326.53 612.245 0.00140052
6326.53 816.327 0.000409702
6326.53 1020.41 -0.00133975
6326.53 1224.49 -0.00227665
6326.53 1428.57 -0.000921438
6326.53 1632.65 0.0023637
6326.53 1836.73 0.00452079
6326.53 2040.82 0.00128779
6326.53 2244.9 -0.00817014
6326.53 2448.98 -0.0100703
6326.53 2653.06 0.000633852
6326.53 2857.14 0.020909
6326.53 3061.22 0.0453298
6326.53 3265.31 0.0688103
6326.53 3469.39 0.0879023
6326.53 3673.47 0.101031
6326.53 3877.55 0.10817
6326.53 4081.63 0.110317
6326.53 4285.71 0.109002
6326.53 4489.8 0.105882
6326.53 4693.88 0.102464
6326.53 4897.96 0.0999222
6326.53 5102.04 0.098998
6326.53 5306.12 0.0999417
6326.53 5510.2 0.1025
6326.53 5714.29 0.10593
6326.53 5918.37 0.109052
6326.53 6122.45 0.11036
6326.53 6326.53 0.108194
6326.53 6530.61 0.101027
6326.53 6734.69 0.0878634
6326.53 6938.78 0.0687386
6326.53 7142.86 0.0452406
6326.53 7346.94 0.0208345
6326.53 7551.02 0.000621732
6326.53 7755.1 -0.00997458
6326.53 7959.18 -0.00797208
6326.53 8163.27 0.0013812
6326.53 8367.35 0.00438009
6326.53 8571.43 0.00206941
6326.53 8775.51 -0.0011333
6326.53 8979.59 -0.00217738
6326.53 9183.67 -0.000919183
6326.53 9387.75 0.000859246
6326.53 9591.84 0.00144286
6326.53 9795.92 0.000451862
6326.53 10000 -0.0013014
6530.61 0 -0.00106693
6530.61 204.082 -8.59469e-05
6530.61 408.163 0.000886155
6530.61 612.245 0.00119886
6530.61 816.327 0.00041565
6530.61 1020.41 -0.00108865
6530.61 1224.49 -0.00202184
6530.61 1428.57 -0.00103771
6530.61 1632.65 0.00177241
6530.61 1836.73 0.0040286
6530.61 2040.82 0.00215879
6530.61 2244.9 -0.00557261
6530.61 2448.98 -0.00948354
6530.61 2653.06 -0.000723205
6530.61 2857.14 0.0178233
6530.61 3061.22 0.0408855
6530.61 3265.31 0.0633511
6530.61 3469.39 0.081694
6530.61 3673.47 0.0942691
6530.61 3877.55 0.100999
6530.61 4081.63 0.102851
6530.61 4285.71 0.101329
6530.61 4489.8 0.0980718
6530.61 4693.88 0.0945683
6530.61 4897.96 0.0919816
6530.61 5102.04 0.0910426
6530.61 5306.12 0.0919997
6530.61 5510.2 0.0946022
6530.61 5714.29 0.0981167
6530.61 5918.37 0.101378
6530.61 6122.45 0.102895
6530.61 6326.53 0.101027
6530.61 6530.61 0.0942714
6530.61 6734.69 0.0816626
6530.61 6938.78 0.0632854
6530.61 7142.86 0.0407975
6530.61 7346.94 0.017743
6530.61 7551.02 -0.000745916
6530.61 7755.1 -0.00939363
6530.61 7959.18 -0.00537869
6530.61 8163.27 0.0022476
6530.61 8367.35 0.00391263
6530.61 8571.43 0.00150499
6530.61 8775.51 -0.00125313
6530.61 8979.59 -0.00196784
6530.61 9183.67 -0.000728827
6530.61 9387.75 0.000840732
6530.61 9591.84 0.00129189
6530.61 9795.92 0.000366122
6530.61 10000 -0.00119231
6734.69 0 -0.000860084
6734.69 204.082 -0.00010564
6734.69 408.163 0.000697124
6734.69 612.245 0.00102689
6734.69 816.327 0.000461699
6734.69 1020.41 -0.000805367
6734.69 1224.49 -0.00177265
6734.69 1428.57 -0.00122678
6734.69 1632.65 0.00103571
6734.69 1836.73 0.00335141
6734.69 2040.82 0.00284508
6734.69 2244.9 -0.00225124
6734.69 2448.98 -0.00847184
6734.69 2653.06 -0.00294787
6734.69 2857.14 0.0123779
6734.69 3061.22 0.0327295
6734.69 3265.31 0.0531321
6734.69 3469.39 0.0700222
6734.69 3673.47 0.0816528
6734.69 3877.55 0.087832
6734.69 4081.63 0.0894186
6734.69 4285.71 0.0878205
6734.69 4489.8 0.0845936
6734.69 4693.88 0.0811611
6734.69 4897.96 0.0786365
6734.69 5102.04 0.0777208
6734.69 5306.12 0.0786522
6734.69 5510.2 0.0811908
6734.69 5714.29 0.0846338
6734.69 5918.37 0.0878658
6734.69 6122.45 0.0894616
6734.69 6326.53 0.0878634
6734.69 6530.61 0.0816626
6734.69 6734.69 0.0700011
6734.69 6938.78 0.0530763
6734.69 7142.86 0.0326466
6734.69 7346.94 0.0122946
6734.69 7551.02 -0.00297961
6734.69 7755.1 -0.00838452
6734.69 7959.18 -0.00208866
6734.69 8163.27 0.00293277
6734.69 8367.35 0.00326337
6734.69 8571.43 0.000799933
6734.69 8775.51 -0.00144015
6734.69 8979.59 -0.00176042
6734.69 9183.67 -0.000507834
6734.69 9387.75 0.000855621
6734.69 9591.84 0.00116257
6734.69 9795.92 0.000289623
6734.69 10000 -0.00108069
6938.78 0 -0.00067
6938.78 204.082 -0.000131655
6938.78 408.163 0.000513084
6938.78 612.245 0.000870065
6938.78 816.327 0.000534414
6938.78 1020.41 -0.000480419
6938.78 1224.49 -0.00147342
6938.78 1428.57 -0.00139257
6938.78 1632.65 0.000225181
6938.78 1836.73 0.00241633
6938.78 2040.82 0.00302058
6938.78 2244.9 0.000275742
6938.78 2448.98 -0.00516021
6938.78 2653.06 -0.00524488
6938.78 2857.14 0.00533669
6938.78 3061.22 0.0214457
6938.78 3265.31 0.0385258
6938.78 3469.39 0.0530839
6938.78 3673.47 0.0632673
6938.78 3877.55 0.0687052
6938.78 4081.63 0.07006
6938.78 4285.71 0.0685525
6938.78 4489.8 0.0655747
6938.78 4693.88 0.0624173
6938.78 4897.96 0.0600962
6938.78 5102.04 0.0592535
6938.78 5306.12 0.060108
6938.78 5510.2 0.0624401
6938.78 5714.29 0.0656068
6938.78 5918.37 0.0685907
6938.78 6122.45 0.0700995
6938.78 6326.53 0.0687386
6938.78 6530.61 0.0632854
6938.78 6734.69 0.0530763
6938.78 6938.78 0.0384847
6938.78 7142.86 0.021373
6938.78 7346.94 0.00525399
6938.78 7551.02 -0.00528436
6938.78 7755.1 -0.0050882
6938.78 7959.18 0.000413723
6938.78 8163.27 0.00310988
6938.78 8367.35 0.0023579
6938.78 8571.43 2.47224e-05
6938.78 8775.51 -0.00159763
6938.78 8979.59 -0.00149675
6938.78 9183.67 -0.000243167
6938.78 9387.75 0.000892622
6938.78 9591.84 0.00103937
6938.78 9795.92 0.000210753
6938.78 10000 -0.000974666
7142.86 0 -0.00049347
7142.86 204.082 -0.000161589
7142.86 408.163 0.000327704
7142.86 612.245 0.000707229
7142.86 816.327 0.00060349
7142.86 1020.41 -0.000128591
7142.86 1224.49 -0.00108745
7142.86 1428.57 -0.0014287
7142.86 1632.65 -0.000519718
7142.86 1836.73 0.0012946
7142.86 2040.82 0.00257686
7142.86 2244.9 0.00172429
7142.86 2448.98 -0.00157239
7142.86 2653.06 -0.00550849
7142.86 2857.14 -0.00151188
7142.86 3061.22 0.00894137
7142.86 3265.31 0.0213943
7142.86 3469.39 0.0326378
7142.86 3673.47 0.0407709
7142.86 3877.55 0.0452074
7142.86 4081.63 0.0463303
7142.86 4285.71 0.0450757
7142.86 4489.8 0.042579
7142.86 4693.88 0.0399201
7142.86 4897.96 0.0379599
7142.86 5102.04 0.0372461
7142.86 5306.12 0.0379662
7142.86 5510.2 0.039933
7142.86 5714.29 0.042599
7142.86 5918.37 0.0451025
7142.86 6122.45 0.0463624
7142.86 6326.53 0.0452406
7142.86 6530.61 0.0407975
7142.86 6734.69 0.0326466
7142.86 6938.78 0.021373
7142.86 7142.86 0.00888397
7142.86 7346.94 -0.00159158
7142.86 7551.02 -0.00555464
7142.86 7755.1 -0.00152123
7142.86 7959.18 0.0018423
7142.86 8163.27 0.00266858
7142.86 8367.35 0.00126549
7142.86 8571.43 -0.000682782
7142.86 8775.51 -0.0016195
7142.86 8979.59 -0.00113877
7142.86 9183.67 5.26327e-05
7142.86 9387.75 0.000922904
7142.86 9591.84 0.000900406
7142.86 9795.92 0.000120157
7142.86 10000 -0.000875749
7346.94 0 -0.000323031
7346.94 204.082 -0.000187775
7346.94 408.163 0.000139217
7346.94 612.245 0.000516956
7346.94 816.327 0.000626814
7346.94 1020.41 0.000206294
7346.94 1224.49 -0.000620242
7346.94 1428.57 -0.00126036
7346.94 1632.65 -0.00103638
7346.94 1836.73 0.000181036
7346.94 2040.82 0.00163989
7346.94 2244.9 0.00209022
7346.94 2448.98 0.000706546
7346.94 2653.06 -0.00217501
7346.94 2857.14 -0.00518522
7346.94 3061.22 -0.00155303
7346.94 3265.31 0.00525131
7346.94 3469.39 0.0122673
7346.94 3673.47 0.0177085
7346.94 3877.55 0.0208045
7346.94 4081.63 0.0216133
7346.94 4285.71 0.0207058
7346.94 4489.8 0.0188727
7346.94 4693.88 0.016904
7346.94 4897.96 0.0154446
7346.94 5102.04 0.0149101
7346.94 5306.12 0.0154437
7346.94 5510.2 0.0169039
7346.94 5714.29 0.0188763
7346.94 5918.37 0.0207165
7346.94 6122.45 0.0216336
7346.94 6326.53 0.0208345
7346.94 6530.61 0.017743
7346.94 6734.69 0.0122946
7346.94 6938.78 0.00525399
7346.94 7142.86 -0.00159158
7346.94 7346.94 -0.00526128
7346.94 7551.02 -0.0022185
7346.94 7755.1 0.000740417
7346.94 7959.18 0.00219005
7346.94 8163.27 0.00173285
7346.94 8367.35 0.000179053
7346.94 8571.43 -0.00116175
7346.94 8775.51 -0.00143217
7346.94 8979.59 -0.000692279
7346.94 9183.67 0.000336131
7346.94 9387.75 0.000904517
7346.94 9591.84 0.000723177
7346.94 9795.92 1.34615e-05
7346.94 10000 -0.000779626
7551.02 0 -0.000155313
7551.02 204.082 -0.000202257
7551.02 408.163 -4.74248e-05
7551.02 612.245 0.000287904
7551.02 816.327 0.000565339
7551.02 1020.41 0.00046172
7551.02 1224.49 -0.000126554
7551.02 1428.57 -0.000879947
7551.02 1632.65 -0.0012036
7551.02 1836.73 -0.000683283
7551.02 2040.82 0.000503514
7551.02 2244.9 0.00159525
7551.02 2448.98 0.00171107
7551.02 2653.06 0.000403735
7551.02 2857.14 -0.00216095
7551.02 3061.22 -0.0055351
7551.02 3265.31 -0.00531293
7551.02 3469.39 -0.00302588
7551.02 3673.47 -0.000786161
7551.02 3877.55 0.000598859
7551.02 4081.63 0.000900115
7551.02 4285.71 0.000297739
7551.02 4489.8 -0.000816992
7551.02 4693.88 -0.00200423
7551.02 4897.96 -0.00288569
7551.02 5102.04 -0.00321169
7551.02 5306.12 -0.00289458
7551.02 5510.2 -0.00201919
7551.02 5714.29 -0.00083268
7551.02 5918.37 0.000288381
7551.02 6122.45 0.000904423
7551.02 6326.53 0.000621732
7551.02 6530.61 -0.000745916
7551.02 6734.69 -0.00297961
7551.02 6938.78 -0.00528436
7551.02 7142.86 -0.00555464
7551.02 7346.94 -0.0022185
7551.02 7551.02 0.000359612
7551.02 7755.1 0.001728
7551.02 7959.18 0.00167696
7551.02 8163.27 0.000595498
7551.02 8367.35 -0.000661504
7551.02 8571.43 -0.00129268
7551.02 8775.51 -0.00103002
7551.02 8979.59 -0.000213713
7551.02 9183.67 0.000543796
7551.02 9387.75 0.000797996
7551.02 9591.84 0.000496288
7551.02 9795.92 -0.000104017
7551.02 10000 -0.000677125
7755.1 0 5.13499e-06
7755.1 204.082 -0.00019832
7755.1 408.163 -0.000216635
7755.1 612.245 3.10699e-05
7755.1 816.327 0.000404082
7755.1 1020.41 0.000581027
7755.1 1224.49 0.000305053
7755.1 1428.57 -0.000359105
7755.1 1632.65 -0.000996949
7755.1 1836.73 -0.00110875
7755.1 2040.82 -0.000481104
7755.1 2244.9 0.000621598
7755.1 2448.98 0.00158632
7755.1 2653.06 0.00177674
7755.1 2857.14 0.000790133
7755.1 3061.22 -0.00151302
7755.1 3265.31 -0.00513172
7755.1 3469.39 -0.00844768
7755.1 3673.47 -0.00943632
7755.1 3877.55 -0.00998687
7755.1 4081.63 -0.0104446
7755.1 4285.71 -0.0109424
7755.1 4489.8 -0.0114694
7755.1 4693.88 -0.0119459
7755.1 4897.96 -0.0122806
7755.1 5102.04 -0.012406
7755.1 5306.12 -0.0122967
7755.1 5510.2 -0.0119746
7755.1 5714.29 -0.0115039
7755.1 5918.37 -0.0109726
7755.1 6122.45 -0.0104588
7755.1 6326.53 -0.00997458
7755.1 6530.61 -0.00939363
7755.1 6734.69 -0.00838452
7755.1 6938.78 -0.0050882
7755.1 7142.86 -0.00152123
7755.1 7346.94 0.000740417
7755.1 7551.02 0.001728
7755.1 7755.1 0.00158641
7755.1 7959.18 0.000685507
7755.1 8163.27 -0.000392126
7755.1 8367.35 -0.00106715
7755.1 8571.43 -0.00105278
7755.1 8775.51 -0.000487028
7755.1 8979.59 0.000206145
7755.1 9183.67 0.000617691
7755.1 9387.75 0.00058859
7755.1 9591.84 0.00023296
7755.1 9795.92 -0.00021188
7755.1 10000 -0.00055387
7959.18 0 0.000149881
7959.18 204.082 -0.000168209
7959.18 408.163 -0.000340838
7959.18 612.245 -0.000215379
7959.18 816.327 0.000166641
7959.18 1020.41 0.0005403
7959.18 1224.49 0.000584595
7959.18 1428.57 0.000169919
7959.18 1632.65 -0.000510846
7959.18 1836.73 -0.00103858
7959.18 2040.82 -0.00102849
7959.18 2244.9 -0.000371467
7959.18 2448.98 0.000699831
7959.18 2653.06 0.0017312
7959.18 2857.14 0.00223828
7959.18 3061.22 0.00184999
7959.18 3265.31 0.000378011
7959.18 3469.39 -0.00214253
7959.18 3673.47 -0.00541669
7959.18 3877.55 -0.00797188
7959.18 4081.63 -0.00928422
7959.18 4285.71 -0.00993856
7959.18 4489.8 -0.0101679
7959.18 4693.88 -0.0101763
7959.18 4897.96 -0.0101203
7959.18 5102.04 -0.0100973
7959.18 5306.12 -0.0101397
7959.18 5510.2 -0.0102122
7959.18 5714.29 -0.0102139
7959.18 5918.37 -0.0099842
7959.18 6122.45 -0.00931504
7959.18 6326.53 -0.00797208
7959.18 6530.61 -0.00537869
7959.18 6734.69 -0.00208866
7959.18 6938.78 0.000413723
7959.18 7142.86 0.0018423
7959.18 7346.94 0.00219005
7959.18 7551.02 0.00167696
7959.18 7755.1 0.000685507
7959.18 7959.18 -0.000323411
7959.18 8163.27 -0.000943817
7959.18 8367.35 -0.000981564
7959.18 8571.43 -0.000538097
7959.18 8775.51 6.24296e-05
7959.18 8979.59 0.000475678
7959.18 9183.67 0.000533596
7959.18 9387.75 0.000301358
7959.18 9591.84 -2.51247e-05
7959.18 9795.92 -0.000276546
7959.18 10000 -0.000393492
8163.27 0 0.000271346
8163.27 204.082 -0.000104359
8163.27 408.163 -0.000388487
8163.27 612.245 -0.000396334
8163.27 816.327 -8.75746e-05
8163.27 1020.41 0.000363403
8163.27 1224.49 0.000656449
8163.27 1428.57 0.000558263
8163.27 1632.65 6.36045e-05
8163.27 1836.73 -0.000584696
8163.27 2040.82 -0.00102698
8163.27 2244.9 -0.000979368
8163.27 2448.98 -0.0003686
8163.27 2653.06 0.000651669
8163.27 2857.14 0.00177969
8163.27 3061.22 0.00267888
8163.27 3265.31 0.00308524
8163.27 3469.39 0.00289647
8163.27 3673.47 0.00222613
8163.27 3877.55 0.00138861
8163.27 4081.63 0.00078784
8163.27 4285.71 0.000733161
8163.27 4489.8 0.000605505
8163.27 4693.88 0.000744795
8163.27 4897.96 0.000956033
8163.27 5102.04 0.0010449
8163.27 5306.12 0.000942152
8163.27 5510.2 0.000716937
8163.27 5714.29 0.000565307
8163.27 5918.37 0.000687456
8163.27 6122.45 0.000754406
8163.27 6326.53 0.0013812
8163.27 6530.61 0.0022476
8163.27 6734.69 0.00293277
8163.27 6938.78 0.00310988
8163.27 7142.86 0.00266858
8163.27 7346.94 0.00173285
8163.27 7551.02 0.000595498
8163.27 7755.1 -0.000392126
8163.27 7959.18 -0.000943817
8163.27 8163.27 -0.000947757
8163.27 8367.35 -0.000517606
8163.27 8571.43 5.88048e-05
8163.27 8775.51 0.00046836
8163.27 8979.59 0.000539321
8163.27 9183.67 0.000316915
8163.27 9387.75 -1.85238e-06
8163.27 9591.84 -0.00022057
8163.27 9795.92 -0.000265049
8163.27 10000 -0.000187964
8367.35 0 0.000362165
8367.35 204.082 -7.2417e-06
8367.35 408.163 -0.000340972
8367.35 612.245 -0.000463459
8367.35 816.327 -0.000285052
8367.35 1020.41 0.000116917
8367.35 1224.49 0.000524472
8367.35 1428.57 0.000696771
8367.35 1632.65 0.000504922
8367.35 1836.73 4.90631e-06
8367.35 2040.82 -0.000589157
8367.35 2244.9 -0.00100773
8367.35 2448.98 -0.00104077
8367.35 2653.06 -0.000609868
8367.35 2857.14 0.000219903
8367.35 3061.22 0.00127559
8367.35 3265.31 0.00234176
8367.35 3469.39 0.00324069
8367.35 3673.47 0.00390194
8367.35 3877.55 0.00438744
8367.35 4081.63 0.00484958
8367.35 4285.71 0.00543222
8367.35 4489.8 0.00616859
8367.35 4693.88 0.00694349
8367.35 4897.96 0.0075451
8367.35 5102.04 0.00777398
8367.35 5306.12 0.00754723
8367.35 5510.2 0.00694262
8367.35 5714.29 0.00615921
8367.35 5918.37 0.00541429
8367.35 6122.45 0.00483101
8367.35 6326.53 0.00438009
8367.35 6530.61 0.00391263
8367.35 6734.69 0.00326337
8367.35 6938.78 0.0023579
8367.35 7142.86 0.00126549
8367.35 7346.94 0.000179053
8367.35 7551.02 -0.000661504
8367.35 7755.1 -0.00106715
8367.35 7959.18 -0.000981564
8367.35 8163.27 -0.000517606
8367.35 8367.35 7.54542e-05
8367.35 8571.43 0.000515673
8367.35 8775.51 0.000622154
8367.35 8979.59 0.000403267
8367.35 9183.67 3.78142e-05
8367.35 9387.75 -0.000244592
8367.35 9591.84 -0.000305542
8367.35 9795.92 -0.000165006
8367.35 10000 4.99724e-05
8571.43 0 0.000411161
8571.43 204.082 0.000105636
8571.43 408.163 -0.000209494
8571.43 612.245 -0.00040161
8571.43 816.327 -0.000370476
8571.43 1020.41 -0.000115199
8571.43 1224.49 0.000253915
8571.43 1428.57 0.000562666
8571.43 1632.65 0.000651963
8571.43 1836.73 0.000449181
8571.43 2040.82 -1.08049e-06
8571.43 2244.9 -0.000555976
8571.43 2448.98 -0.00102842
8571.43 2653.06 -0.00125178
8571.43 2857.14 -0.00113268
8571.43 3061.22 -0.000677894
8571.43 3265.31 1.24171e-05
8571.43 3469.39 0.000786424
8571.43 3673.47 0.00150161
8571.43 3877.55 0.00207575
8571.43 4081.63 0.00250338
8571.43 4285.71 0.00283011
8571.43 4489.8 0.00310398
8571.43 4693.88 0.00333873
8571.43 4897.96 0.00350982
8571.43 5102.04 0.00357858
8571.43 5306.12 0.00352395
8571.43 5510.2 0.00335873
8571.43 5714.29 0.00311872
8571.43 5918.37 0.00283294
8571.43 6122.45 0.00249673
8571.43 6326.53 0.00206941
8571.43 6530.61 0.00150499
8571.43 6734.69 0.000799933
8571.43 6938.78 2.47224e-05
8571.43 7142.86 -0.000682782
8571.43 7346.94 -0.00116175
8571.43 7551.02 -0.00129268
8571.43 7755.1 -0.00105278
8571.43 7959.18 -0.000538097
8571.43 8163.27 5.88048e-05
8571.43 8367.35 0.000515673
8571.43 8571.43 0.000671905
8571.43 8775.51 0.000503415
8571.43 8979.59 0.000136944
8571.43 9183.67 -0.000214855
8571.43 9387.75 -0.000368552
8571.43 9591.84 -0.000267606
8571.43 9795.92 5.88715e-07
8571.43 10000 0.000281272
8775.51 0 0.000402545
8775.51 204.082 0.000198476
8775.51 408.163 -4.00396e-05
8775.51 612.245 -0.000242656
8775.51 816.327 -0.000332637
8775.51 1020.41 -0.000264765
8775.51 1224.49 -5.13294e-05
8775.51 1428.57 0.000234292
8775.51 1632.65 0.000478592
8775.51 1836.73 0.000566754
8775.51 2040.82 0.000425347
8775.51 2244.9 5.43354e-05
8775.51 2448.98 -0.000466303
8775.51 2653.06 -0.00100304
8775.51 2857.14 -0.00141854
8775.51 3061.22 -0.00162359
8775.51 3265.31 -0.00160984
8775.51 3469.39 -0.00144755
8775.51 3673.47 -0.00125015
8775.51 3877.55 -0.00112511
8775.51 4081.63 -0.00113319
8775.51 4285.71 -0.00127263
8775.51 4489.8 -0.00149079
8775.51 4693.88 -0.00171226
8775.51 4897.96 -0.00186866
8775.51 5102.04 -0.00191794
8775.51 5306.12 -0.00184976
8775.51 5510.2 -0.00168368
8775.51 5714.29 -0.00146581
8775.51 5918.37 -0.00126099
8775.51 6122.45 -0.00113559
8775.51 6326.53 -0.0011333
8775.51 6530.61 -0.00125313
8775.51 6734.69 -0.00144015
8775.51 6938.78 -0.00159763
8775.51 7142.86 -0.0016195
8775.51 7346.94 -0.00143217
8775.51 7551.02 -0.00103002
8775.51 7755.1 -0.000487028
8775.51 7959.18 6.24296e-05
8775.51 8163.27 0.00046836
8775.51 8367.35 0.000622154
8775.51 8571.43 0.000503415
8775.51 8775.51 0.00019383
8775.51 8979.59 -0.00015148
8775.51 9183.67 -0.000368557
8775.51 9387.75 -0.000360136
8775.51 9591.84 -0.000141643
8775.51 9795.92 0.000173733
8775.51 10000 0.000447797
8979.59 0 0.000323288
8979.59 204.082 0.000229706
8979.59 408.163 0.000101548
8979.59 612.245 -5.48564e-05
8979.59 816.327 -0.00020679
8979.59 1020.41 -0.000300333
8979.59 1224.49 -0.000283266
8979.59 1428.57 -0.000135717
8979.59 1632.65 0.000108657
8979.59 1836.73 0.000363689
8979.59 2040.82 0.000517747
8979.59 2244.9 0.000480352
8979.59 2448.98 0.000224817
8979.59 2653.06 -0.000199939
8979.59 2857.14 -0.000694078
8979.59 3061.22 -0.00115274
8979.59 3265.31 -0.0015106
8979.59 3469.39 -0.00176341
8979.59 3673.47 -0.00195857
8979.59 3877.55 -0.00216419
8979.59 4081.63 -0.00243281
8979.59 4285.71 -0.00277548
8979.59 4489.8 -0.0031551
8979.59 4693.88 -0.0035013
8979.59 4897.96 -0.0037395
8979.59 5102.04 -0.003818
8979.59 5306.12 -0.00372185
8979.59 5510.2 -0.00347454
8979.59 5714.29 -0.00313182
8979.59 5918.37 -0.00276561
8979.59 6122.45 -0.00243814
8979.59 6326.53 -0.00217738
8979.59 6530.61 -0.00196784
8979.59 6734.69 -0.00176042
8979.59 6938.78 -0.00149675
8979.59 7142.86 -0.00113877
8979.59 7346.94 -0.000692279
8979.59 7551.02 -0.000213713
8979.59 7755.1 0.000206145
8979.59 7959.18 0.000475678
8979.59 8163.27 0.000539321
8979.59 8367.35 0.000403267
8979.59 8571.43 0.000136944
8979.59 8775.51 -0.00015148
8979.59 8979.59 -0.00035222
8979.59 9183.67 -0.000390464
8979.59 9387.75 -0.000253776
8979.59 9591.84 2.63955e-06
8979.59 9795.92 0.000281759
8979.59 10000 0.000493369
9183.67 0 0.00017638
9183.67 204.082 0.00017454
9183.67 408.163 0.000160033
9183.67 612.245 8.93005e-05
9183.67 816.327 -5.21291e-05
9183.67 1020.41 -0.000228253
9183.67 1224.49 -0.000364111
9183.67 1428.57 -0.000382985
9183.67 1632.65 -0.000247542
9183.67 1836.73 1.51619e-05
9183.67 2040.82 0.000318489
9183.67 2244.9 0.000553278
9183.67 2448.98 0.000637398
9183.67 2653.06 0.000548034
9183.67 2857.14 0.000322152
9183.67 3061.22 3.05178e-05
9183.67 3265.31 -0.000258786
9183.67 3469.39 -0.000507737
9183.67 3673.47 -0.000714401
9183.67 3877.55 -0.000900448
9183.67 4081.63 -0.00109135
9183.67 4285.71 -0.00129897
9183.67 4489.8 -0.00151216
9183.67 4693.88 -0.00169977
9183.67 4897.96 -0.0018257
9183.67 5102.04 -0.00186523
9183.67 5306.12 -0.00181245
9183.67 5510.2 -0.00168018
9183.67 5714.29 -0.00149663
9183.67 5918.37 -0.00129597
9183.67 6122.45 -0.00110256
9183.67 6326.53 -0.000919183
9183.67 6530.61 -0.000728827
9183.67 6734.69 -0.000507834
9183.67 6938.78 -0.000243167
9183.67 7142.86 5.26327e-05
9183.67 7346.94 0.000336131
9183.67 7551.02 0.000543796
9183.67 7755.1 0.000617691
9183.67 7959.18 0.000533596
9183.67 8163.27 0.000316915
9183.67 8367.35 3.78142e-05
9183.67 8571.43 -0.000214855
9183.67 8775.51 -0.000368557
9183.67 8979.59 -0.000390464
9183.67 9183.67 -0.000290363
9183.67 9387.75 -0.000110011
9183.67 9591.84 9.42572e-05
9183.67 9795.92 0.000271516
9183.67 10000 0.000392066
9387.75 0 -1.03581e-05
9387.75 204.082 4.33499e-05
9387.75 408.163 0.000119385
9387.75 612.245 0.000147991
9387.75 816.327 7.89773e-05
9387.75 1020.41 -8.21109e-05
9387.75 1224.49 -0.000273207
9387.75 1428.57 -0.000405892
9387.75 1632.65 -0.000407047
9387.75 1836.73 -0.000252885
9387.75 2040.82 2.03161e-05
9387.75 2244.9 0.000335466
9387.75 2448.98 0.000611748
9387.75 2653.06 0.000797384
9387.75 2857.14 0.000883328
9387.75 3061.22 0.000895898
9387.75 3265.31 0.000875801
9387.75 3469.39 0.000857043
9387.75 3673.47 0.000857436
9387.75 3877.55 0.000880784
9387.75 4081.63 0.000922345
9387.75 4285.71 0.000972738
9387.75 4489.8 0.00102198
9387.75 4693.88 0.0010635
9387.75 4897.96 0.00109352
9387.75 5102.04 0.00110774
9387.75 5306.12 0.00110217
9387.75 5510.2 0.00107568
9387.75 5714.29 0.00102982
9387.75 5918.37 0.000969645
9387.75 6122.45 0.000907064
9387.75 6326.53 0.000859246
9387.75 6530.61 0.000840732
9387.75 6734.69 0.000855621
9387.75 6938.78 0.000892622
9387.75 7142.86 0.000922904
9387.75 7346.94 0.000904517
9387.75 7551.02 0.000797996
9387.75 7755.1 0.00058859
9387.75 7959.18 0.000301358
9387.75 8163.27 -1.85238e-06
9387.75 8367.35 -0.000244592
9387.75 8571.43 -0.000368552
9387.75 8775.51 -0.000360136
9387.75 8979.59 -0.000253776
9387.75 9183.67 -0.000110011
9387.75 9387.75 1.58329e-05
9387.75 9591.84 9.68597e-05
9387.75 9795.92 0.000139638
9387.75 10000 0.000169067
9591.84 0 -0.000188955
9591.84 204.082 -0.000117589
9591.84 408.163 1.20035e-05
9591.84 612.245 0.00012785
9591.84 816.327 0.000162582
9591.84 1020.41 9.21428e-05
9591.84 1224.49 -5.45253e-05
9591.84 1428.57 -0.000212624
9591.84 1632.65 -0.000311565
9591.84 1836.73 -0.000304462
9591.84 2040.82 -0.000184446
9591.84 2244.9 1.92172e-05
9591.84 2448.98 0.000259853
9591.84 2653.06 0.000494814
9591.84 2857.14 0.000699909
9591.84 3061.22 0.000872168
9591.84 3265.31 0.00102215
9591.84 3469.39 0.00116335
9591.84 3673.47 0.00130715
9591.84 3877.55 0.0014628
9591.84 4081.63 0.00163554
9591.84 4285.71 0.00182054
9591.84 4489.8 0.00200087
9591.84 4693.88 0.00215391
9591.84 4897.96 0.00225849
9591.84 5102.04 0.00229788
9591.84 5306.12 0.00226405
9591.84 5510.2 0.00216138
9591.84 5714.29 0.00200451
9591.84 5918.37 0.00181538
9591.84 6122.45 0.00162055
9591.84 6326.53 0.00144286
9591.84 6530.61 0.00129189
9591.84 6734.69 0.00116257
9591.84 6938.78 0.00103937
9591.84 7142.86 0.000900406
9591.84 7346.94 0.000723177
9591.84 7551.02 0.000496288
9591.84 7755.1 0.00023296
9591.84 7959.18 -2.51247e-05
9591.84 8163.27 -0.00022057
9591.84 8367.35 -0.000305542
9591.84 8571.43 -0.000267606
9591.84 8775.51 -0.000141643
9591.84 8979.59 2.63955e-06
9591.84 9183.67 9.42572e-05
9591.84 9387.75 9.68597e-05
9591.84 9591.84 2.64497e-05
9591.84 9795.92 -5.98645e-05
9591.84 10000 -0.000100836
9795.92 0 -0.000308125
9795.92 204.082 -0.000244718
9795.92 408.163 -9.74366e-05
9795.92 612.245 7.55161e-05
9795.92 816.327 0.000206691
9795.92 1020.41 0.000252001
9795.92 1224.49 0.000204574
9795.92 1428.57 9.05607e-05
9795.92 1632.65 -4.5628e-05
9795.92 1836.73 -0.00016002
9795.92 2040.82 -0.000223868
9795.92 2244.9 -0.000228815
9795.92 2448.98 -0.000183213
9795.92 2653.06 -0.000103936
9795.92 2857.14 -7.65866e-06
9795.92 3061.22 9.40362e-05
9795.92 3265.31 0.000194124
9795.92 3469.39 0.000288401
9795.92 3673.47 0.000377024
9795.92 3877.55 0.000466635
9795.92 4081.63 0.000566507
9795.92 4285.71 0.000678792
9795.92 4489.8 0.000793267
9795.92 4693.88 0.000893178
9795.92 4897.96 0.000962725
9795.92 5102.04 0.000989326
9795.92 5306.12 0.000966855
9795.92 5510.2 0.000898854
9795.92 5714.29 0.000796305
9795.92 5918.37 0.000675356
9795.92 6122.45 0.000555594
9795.92 6326.53 0.000451862
9795.92 6530.61 0.000366122
9795.92 6734.69 0.000289623
9795.92 6938.78 0.000210753
9795.92 7142.86 0.000120157
9795.92 7346.94 1.34615e-05
9795.92 7551.02 -0.000104017
9795.92 7755.1 -0.00021188
9795.92 7959.18 -0.000276546
9795.92 8163.27 -0.000265049
9795.92 8367.35 -0.000165006
9795.92 8571.43 5.88715e-07
9795.92 8775.51 0.000173733
9795.92 8979.59 0.000281759
9795.92 9183.67 0.000271516
9795.92 9387.75 0.000139638
9795.92 9591.84 -5.98645e-05
9795.92 9795.92 -0.000238828
9795.92 10000 -0.00032151
10000 0 -0.000335193
10000 204.082 -0.000287977
10000 408.163 -0.000147769
10000 612.245 4.59239e-05
10000 816.327 0.00023592
10000 1020.41 0.000370397
10000 1224.49 0.000417076
10000 1428.57 0.000368161
10000 1632.65 0.000238005
10000 1836.73 5.47473e-05
10000 2040.82 -0.000150014
10000 2244.9 -0.00034949
10000 2448.98 -0.00052652
10000 2653.06 -0.000674697
10000 2857.14 -0.000795895
10000 3061.22 -0.000897243
10000 3265.31 -0.000989514
10000 3469.39 -0.00108408
10000 3673.47 -0.0011867
10000 3877.55 -0.00129302
10000 4081.63 -0.00139148
10000 4285.71 -0.00147222
10000 4489.8 -0.00153254
10000 4693.88 -0.00157355
10000 4897.96 -0.00159613
10000 5102.04 -0.00160185
10000 5306.12 -0.0015925
10000 5510.2 -0.00156815
10000 5714.29 -0.00152845
10000 5918.37 -0.00147242
10000 6122.45 -0.00139698
10000 6326.53 -0.0013014
10000 6530.61 -0.00119231
10000 6734.69 -0.00108069
10000 6938.78 -0.000974666
10000 7142.86 -0.000875749
10000 7346.94 -0.000779626
10000 7551.02 -0.000677125
10000 7755.1 -0.00055387
10000 7959.18 -0.000393492
10000 8163.27 -0.000187964
10000 8367.35 4.99724e-05
10000 8571.43 0.000281272
10000 8775.51 0.000447797
10000 8979.59 0.000493369
10000 9183.67 0.000392066
10000 9387.75 0.000169067
10000 9591.84 -0.000100836
10000 9795.92 -0.00032151
10000 10000 -0.000420523
