0 0 0.000389953
0 204.082 0.000204723
0 408.163 -5.23806e-05
0 612.245 -0.000298981
0 816.327 -0.000439416
0 1020.41 -0.000408961
0 1224.49 -0.000201118
0 1428.57 0.000129276
0 1632.65 0.00048413
0 1836.73 0.00075534
0 2040.82 0.000862756
0 2244.9 0.000779288
0 2448.98 0.000531595
0 2653.06 0.000180604
0 2857.14 -0.000203899
0 3061.22 -0.000563081
0 3265.31 -0.000860199
0 3469.39 -0.00108313
0 3673.47 -0.00123916
0 3877.55 -0.00134429
0 4081.63 -0.00141153
0 4285.71 -0.00144415
0 4489.8 -0.00143715
0 4693.88 -0.00138548
0 4897.96 -0.00129071
0 5102.04 -0.00115922
0 5306.12 -0.000995236
0 5510.2 -0.000796855
0 5714.29 -0.000560993
0 5918.37 -0.000294761
0 6122.45 -2.23431e-05
0 6326.53 0.000218039
0 6530.61 0.000384437
0 6734.69 0.000444879
0 6938.78 0.000388585
0 7142.86 0.000229544
0 7346.94 4.42349e-06
0 7551.02 -0.000231661
0 7755.1 -0.000413731
0 7959.18 -0.000484096
0 8163.27 -0.000413812
0 8367.35 -0.000217006
0 8571.43 4.76608e-05
0 8775.51 0.000290635
0 8979.59 0.000422755
0 9183.67 0.000394049
0 9387.75 0.000217915
0 9591.84 -3.43888e-05
0 9795.92 -0.000266404
0 10000 -0.000401425
204.082 0 0.000204723
204.082 204.082 7.47549e-05
204.082 408.163 -8.51967e-05
204.082 612.245 -0.000217275
204.082 816.327 -0.000264418
204.082 1020.41 -0.000201043
204.082 1224.49 -4.59426e-05
204.082 1428.57 0.000145072
204.082 1632.65 0.000299502
204.082 1836.73 0.000354856
204.082 2040.82 0.000284801
204.082 2244.9 0.000110685
204.082 2448.98 -0.000110298
204.082 2653.06 -0.000312039
204.082 2857.14 -0.000444304
204.082 3061.22 -0.000485247
204.082 3265.31 -0.000441889
204.082 3469.39 -0.000341968
204.082 3673.47 -0.000221876
204.082 3877.55 -0.000114847
204.082 4081.63 -4.15839e-05
204.082 4285.71 -6.19164e-06
204.082 4489.8 -5.05832e-07
204.082 4693.88 -1.5151e-05
204.082 4897.96 -4.80581e-05
204.082 5102.04 -0.000101158
204.082 5306.12 -0.000169275
204.082 5510.2 -0.000233677
204.082 5714.29 -0.000267511
204.082 5918.37 -0.000249032
204.082 6122.45 -0.00017207
204.082 6326.53 -4.95674e-05
204.082 6530.61 8.8587e-05
204.082 6734.69 0.000204416
204.082 6938.78 0.000264761
204.082 7142.86 0.000250266
204.082 7346.94 0.000159057
204.082 7551.02 9.86384e-06
204.082 7755.1 -0.000156029
204.082 7959.18 -0.000282815
204.082 8163.27 -0.000321108
204.082 8367.35 -0.000250513
204.082 8571.43 -9.27097e-05
204.082 8775.51 9.15764e-05
204.082 8979.59 0.000226265
204.082 9183.67 0.000255317
204.082 9387.75 0.000169613
204.082 9591.84 1.05619e-05
204.082 9795.92 -0.000151009
204.082 10000 -0.000251133
408.163 0 -5.23806e-05
408.163 204.082 -8.51967e-05
408.163 408.163 -8.1768e-05
408.163 612.245 -3.53259e-05
408.163 816.327 4.27695e-05
408.163 1020.41 0.000122113
408.163 1224.49 0.000163382
408.163 1428.57 0.000134765
408.163 1632.65 2.44357e-05
408.163 1836.73 -0.000153753
408.163 2040.82 -0.000358387
408.163 2244.9 -0.000527459
408.163 2448.98 -0.000598693
408.163 2653.06 -0.000533865
408.163 2857.14 -0.000332084
408.163 3061.22 -2.71181e-05
408.163 3265.31 0.000326738
408.163 3469.39 0.000673157
408.163 3673.47 0.000967961
408.163 3877.55 0.00118459
408.163 4081.63 0.00131449
408.163 4285.71 0.00136493
408.163 4489.8 0.00135187
408.163 4693.88 0.00128757
408.163 4897.96 0.0011714
408.163 5102.04 0.00099516
408.163 5306.12 0.000759212
408.163 5510.2 0.000483344
408.163 5714.29 0.000203981
408.163 5918.37 -3.68961e-05
408.163 6122.45 -0.000202343
408.163 6326.53 -0.00026918
408.163 6530.61 -0.000236196
408.163 6734.69 -0.000125743
408.163 6938.78 2.43369e-05
408.163 7142.86 0.000169648
408.163 7346.94 0.000265703
408.163 7551.02 0.000279009
408.163 7755.1 0.000203348
408.163 7959.18 6.76783e-05
408.163 8163.27 -7.53089e-05
408.163 8367.35 -0.000172839
408.163 8571.43 -0.000194666
408.163 8775.51 -0.00014502
408.163 8979.59 -5.73078e-05
408.163 9183.67 2.48591e-05
408.163 9387.75 6.88382e-05
408.163 9591.84 6.62538e-05
408.163 9795.92 3.34871e-05
408.163 10000 -5.8855e-07
612.245 0 -0.000298981
612.245 204.082 -0.000217275
612.245 408.163 -3.53259e-05
612.245 612.245 0.000186213
612.245 816.327 0.000358078
612.245 1020.41 0.000401545
612.245 1224.49 0.000282314
612.245 1428.57 2.58579e-05
612.245 1632.65 -0.000293884
612.245 1836.73 -0.000583711
612.245 2040.82 -0.00075875
612.245 2244.9 -0.000761575
612.245 2448.98 -0.00057552
612.245 2653.06 -0.000229106
612.245 2857.14 0.000213357
612.245 3061.22 0.000672102
612.245 3265.31 0.0010758
612.245 3469.39 0.00138052
612.245 3673.47 0.00157522
612.245 3877.55 0.00167302
612.245 4081.63 0.00169857
612.245 4285.71 0.00167978
612.245 4489.8 0.0016411
612.245 4693.88 0.00159348
612.245 4897.96 0.00152558
612.245 5102.04 0.00140991
612.245 5306.12 0.00122258
612.245 5510.2 0.000959161
612.245 5714.29 0.000637429
612.245 5918.37 0.000292315
612.245 6122.45 -2.96061e-05
612.245 6326.53 -0.000277637
612.245 6530.61 -0.000410788
612.245 6734.69 -0.000410429
612.245 6938.78 -0.000283893
612.245 7142.86 -6.57677e-05
612.245 7346.94 0.000181905
612.245 7551.02 0.000382356
612.245 7755.1 0.000471478
612.245 7959.18 0.000423676
612.245 8163.27 0.000259856
612.245 8367.35 3.71082e-05
612.245 8571.43 -0.000171903
612.245 8775.51 -0.000302987
612.245 8979.59 -0.000321099
612.245 9183.67 -0.000231128
612.245 9387.75 -7.43031e-05
612.245 9591.84 8.96865e-05
612.245 9795.92 0.000208579
612.245 10000 0.000259747
816.327 0 -0.000439416
816.327 204.082 -0.000264418
816.327 408.163 4.27695e-05
816.327 612.245 0.000358078
816.327 816.327 0.000534641
816.327 1020.41 0.000479802
816.327 1224.49 0.000201841
816.327 1428.57 -0.000192884
816.327 1632.65 -0.000550065
816.327 1836.73 -0.000735797
816.327 2040.82 -0.000684342
816.327 2244.9 -0.00040983
816.327 2448.98 1.007e-05
816.327 2653.06 0.000465798
816.327 2857.14 0.000850991
816.327 3061.22 0.00109084
816.327 3265.31 0.00115822
816.327 3469.39 0.00107458
816.327 3673.47 0.000894903
816.327 3877.55 0.000683511
816.327 4081.63 0.000494829
816.327 4285.71 0.000367221
816.327 4489.8 0.000323977
816.327 4693.88 0.000369674
816.327 4897.96 0.000482227
816.327 5102.04 0.000615839
816.327 5306.12 0.000718447
816.327 5510.2 0.000748404
816.327 5714.29 0.000681457
816.327 5918.37 0.000512791
816.327 6122.45 0.00026084
816.327 6326.53 -3.03323e-05
816.327 6530.61 -0.000298802
816.327 6734.69 -0.000479799
816.327 6938.78 -0.000520506
816.327 7142.86 -0.000398564
816.327 7346.94 -0.000140988
816.327 7551.02 0.000175065
816.327 7755.1 0.00044684
816.327 7959.18 0.00058283
816.327 8163.27 0.00053505
816.327 8367.35 0.000317613
816.327 8571.43 6.6671e-06
816.327 8775.51 -0.000282979
816.327 8979.59 -0.000441904
816.327 9183.67 -0.000413413
816.327 9387.75 -0.000219319
816.327 9591.84 5.17106e-05
816.327 9795.92 0.000289735
816.327 10000 0.000419888
1020.41 0 -0.000408961
1020.41 204.082 -0.000201043
1020.41 408.163 0.000122113
1020.41 612.245 0.000401545
1020.41 816.327 0.000479802
1020.41 1020.41 0.000297971
1020.41 1224.49 -6.54368e-05
1020.41 1428.57 -0.000431692
1020.41 1632.65 -0.000613922
1020.41 1836.73 -0.000510834
1020.41 2040.82 -0.000149112
1020.41 2244.9 0.000338762
1020.41 2448.98 0.000777294
1020.41 2653.06 0.00101688
1020.41 2857.14 0.000980625
1020.41 3061.22 0.000677059
1020.41 3265.31 0.000183029
1020.41 3469.39 -0.000390912
1020.41 3673.47 -0.000938602
1020.41 3877.55 -0.0013853
1020.41 4081.63 -0.00169378
1020.41 4285.71 -0.00185218
1020.41 4489.8 -0.0018578
1020.41 4693.88 -0.00171289
1020.41 4897.96 -0.00143364
1020.41 5102.04 -0.00105598
1020.41 5306.12 -0.000629805
1020.41 5510.2 -0.000211052
1020.41 5714.29 0.000142109
1020.41 5918.37 0.000373689
1020.41 6122.45 0.000442023
1020.41 6326.53 0.000337052
1020.41 6530.61 9.14461e-05
1020.41 6734.69 -0.000220212
1020.41 6938.78 -0.000494121
1020.41 7142.86 -0.000626774
1020.41 7346.94 -0.000557138
1020.41 7551.02 -0.000297629
1020.41 7755.1 6.51939e-05
1020.41 7959.18 0.000399656
1020.41 8163.27 0.000577508
1020.41 8367.35 0.000527644
1020.41 8571.43 0.000273395
1020.41 8775.51 -7.01531e-05
1020.41 8979.59 -0.000346455
1020.41 9183.67 -0.000433713
1020.41 9387.75 -0.000305365
1020.41 9591.84 -3.87589e-05
1020.41 9795.92 0.000234521
1020.41 10000 0.000406492
1224.49 0 -0.000201118
1224.49 204.082 -4.59426e-05
1224.49 408.163 0.000163382
1224.49 612.245 0.000282314
1224.49 816.327 0.000201841
1224.49 1020.41 -6.54368e-05
1224.49 1224.49 -0.000376792
1224.49 1428.57 -0.00053421
1224.49 1632.65 -0.00039974
1224.49 1836.73 1.88773e-05
1224.49 2040.82 0.000564485
1224.49 2244.9 0.00100497
1224.49 2448.98 0.00113818
1224.49 2653.06 0.000873651
1224.49 2857.14 0.000257955
1224.49 3061.22 -0.0005583
1224.49 3265.31 -0.00138837
1224.49 3469.39 -0.00207933
1224.49 3673.47 -0.00255577
1224.49 3877.55 -0.00282242
1224.49 4081.63 -0.00293219
1224.49 4285.71 -0.00294312
1224.49 4489.8 -0.00288735
1224.49 4693.88 -0.00276447
1224.49 4897.96 -0.00255589
1224.49 5102.04 -0.00224295
1224.49 5306.12 -0.0018181
1224.49 5510.2 -0.00129352
1224.49 5714.29 -0.000710171
1224.49 5918.37 -0.00014157
1224.49 6122.45 0.000316377
1224.49 6326.53 0.000571714
1224.49 6530.61 0.000569965
1224.49 6734.69 0.000322362
1224.49 6938.78 -8.20711e-05
1224.49 7142.86 -0.000493861
1224.49 7346.94 -0.000754469
1224.49 7551.02 -0.000760403
1224.49 7755.1 -0.000508186
1224.49 7959.18 -0.000100504
1224.49 8163.27 0.000293062
1224.49 8367.35 0.00051106
1224.49 8571.43 0.000477706
1224.49 8775.51 0.000240146
1224.49 8979.59 -5.88458e-05
1224.49 9183.67 -0.000260862
1224.49 9387.75 -0.000278838
1224.49 9591.84 -0.000136327
1224.49 9795.92 6.43498e-05
1224.49 10000 0.000217761
1428.57 0 0.000129276
1428.57 204.082 0.000145072
1428.57 408.163 0.000134765
1428.57 612.245 2.58579e-05
1428.57 816.327 -0.000192884
1428.57 1020.41 -0.000431692
1428.57 1224.49 -0.00053421
1428.57 1428.57 -0.000370964
1428.57 1632.65 6.40765e-05
1428.57 1836.73 0.000619614
1428.57 2040.82 0.00104529
1428.57 2244.9 0.00111084
1428.57 2448.98 0.000718069
1428.57 2653.06 -5.20841e-05
1428.57 2857.14 -0.000975966
1428.57 3061.22 -0.0017831
1428.57 3265.31 -0.00226425
1428.57 3469.39 -0.00234491
1428.57 3673.47 -0.00209566
1428.57 3877.55 -0.00168034
1428.57 4081.63 -0.00127607
1428.57 4285.71 -0.00100943
1428.57 4489.8 -0.000930224
1428.57 4693.88 -0.0010179
1428.57 4897.96 -0.00120518
1428.57 5102.04 -0.00140167
1428.57 5306.12 -0.00151156
1428.57 5510.2 -0.00145234
1428.57 5714.29 -0.00117865
1428.57 5918.37 -0.000705568
1428.57 6122.45 -0.000119012
1428.57 6326.53 0.000438874
1428.57 6530.61 0.000809963
1428.57 6734.69 0.000875554
1428.57 6938.78 0.000609955
1428.57 7142.86 0.000106982
1428.57 7346.94 -0.000445033
1428.57 7551.02 -0.000835869
1428.57 7755.1 -0.000920806
1428.57 7959.18 -0.00068405
1428.57 8163.27 -0.000246011
1428.57 8367.35 0.000195553
1428.57 8571.43 0.000462328
1428.57 8775.51 0.000478819
1428.57 8979.59 0.000297877
1428.57 9183.67 5.39585e-05
1428.57 9387.75 -0.000124723
1428.57 9591.84 -0.000183581
1428.57 9795.92 -0.000147674
1428.57 10000 -7.74866e-05
1632.65 0 0.00048413
1632.65 204.082 0.000299502
1632.65 408.163 2.44357e-05
1632.65 612.245 -0.000293884
1632.65 816.327 -0.000550065
1632.65 1020.41 -0.000613922
1632.65 1224.49 -0.00039974
1632.65 1428.57 6.40765e-05
1632.65 1632.65 0.000611091
1632.65 1836.73 0.000988729
1632.65 2040.82 0.000972584
1632.65 2244.9 0.000485895
1632.65 2448.98 -0.000342876
1632.65 2653.06 -0.00121916
1632.65 2857.14 -0.00180043
1632.65 3061.22 -0.00183533
1632.65 3265.31 -0.00126043
1632.65 3469.39 -0.000215717
1632.65 3673.47 0.00102361
1632.65 3877.55 0.00216284
1632.65 4081.63 0.00298844
1632.65 4285.71 0.00340527
1632.65 4489.8 0.00341342
1632.65 4693.88 0.00306461
1632.65 4897.96 0.00243284
1632.65 5102.04 0.0016113
1632.65 5306.12 0.000722721
1632.65 5510.2 -8.05852e-05
1632.65 5714.29 -0.000640796
1632.65 5918.37 -0.000839393
1632.65 6122.45 -0.00064526
1632.65 6326.53 -0.000141837
1632.65 6530.61 0.00048324
1632.65 6734.69 0.000989815
1632.65 6938.78 0.00117016
1632.65 7142.86 0.000938131
1632.65 7346.94 0.00037482
1632.65 7551.02 -0.000300177
1632.65 7755.1 -0.000822238
1632.65 7959.18 -0.000998766
1632.65 8163.27 -0.000793104
1632.65 8367.35 -0.000332158
1632.65 8571.43 0.000163804
1632.65 8775.51 0.000491213
1632.65 8979.59 0.000554881
1632.65 9183.67 0.000391005
1632.65 9387.75 0.000117378
1632.65 9591.84 -0.00014266
1632.65 9795.92 -0.0003119
1632.65 10000 -0.000370835
1836.73 0 0.00075534
1836.73 204.082 0.000354856
1836.73 408.163 -0.000153753
1836.73 612.245 -0.000583711
1836.73 816.327 -0.000735797
1836.73 1020.41 -0.000510834
1836.73 1224.49 1.88773e-05
1836.73 1428.57 0.000619614
1836.73 1632.65 0.000988729
1836.73 1836.73 0.0008937
1836.73 2040.82 0.000295494
1836.73 2244.9 -0.000605912
1836.73 2448.98 -0.00143315
1836.73 2653.06 -0.00177985
1836.73 2857.14 -0.00138179
1836.73 3061.22 -0.000231175
1836.73 3265.31 0.00142045
1836.73 3469.39 0.00317048
1836.73 3673.47 0.00463406
1836.73 3877.55 0.00559148
1836.73 4081.63 0.00603766
1836.73 4285.71 0.00611301
1836.73 4489.8 0.00597224
1836.73 4693.88 0.00568245
1836.73 4897.96 0.00520599
1836.73 5102.04 0.00446182
1836.73 5306.12 0.00341548
1836.73 5510.2 0.00214143
1836.73 5714.29 0.000828975
1836.73 5918.37 -0.000267293
1836.73 6122.45 -0.000911952
1836.73 6326.53 -0.000977479
1836.73 6530.61 -0.000507506
1836.73 6734.69 0.000273072
1836.73 6938.78 0.00102334
1836.73 7142.86 0.00141771
1836.73 7346.94 0.00128601
1836.73 7551.02 0.000689597
1836.73 7755.1 -0.000108548
1836.73 7959.18 -0.000768706
1836.73 8163.27 -0.00103258
1836.73 8367.35 -0.00083667
1836.73 8571.43 -0.000327256
1836.73 8775.51 0.000227835
1836.73 8979.59 0.00058013
1836.73 9183.67 0.000612176
1836.73 9387.75 0.000364552
1836.73 9591.84 -1.57324e-05
1836.73 9795.92 -0.000360719
1836.73 10000 -0.000557301
2040.82 0 0.000862756
2040.82 204.082 0.000284801
2040.82 408.163 -0.000358387
2040.82 612.245 -0.00075875
2040.82 816.327 -0.000684342
2040.82 1020.41 -0.000149112
2040.82 1224.49 0.000564485
2040.82 1428.57 0.00104529
2040.82 1632.65 0.000972584
2040.82 1836.73 0.000295494
2040.82 2040.82 -0.000718466
2040.82 2244.9 -0.00158886
2040.82 2448.98 -0.00183123
2040.82 2653.06 -0.00117697
2040.82 2857.14 0.000288161
2040.82 3061.22 0.00213121
2040.82 3265.31 0.00373488
2040.82 3469.39 0.00455571
2040.82 3673.47 0.00436575
2040.82 3877.55 0.00335969
2040.82 4081.63 0.00206275
2040.82 4285.71 0.00107757
2040.82 4489.8 0.000149839
2040.82 4693.88 0.000135374
2040.82 4897.96 0.000749789
2040.82 5102.04 0.00158107
2040.82 5306.12 0.00226117
2040.82 5510.2 0.00248956
2040.82 5714.29 0.00205416
2040.82 5918.37 0.000881304
2040.82 6122.45 -0.000525759
2040.82 6326.53 -0.00150765
2040.82 6530.61 -0.00175538
2040.82 6734.69 -0.00122442
2040.82 6938.78 -0.0001756
2040.82 7142.86 0.000921592
2040.82 7346.94 0.00159366
2040.82 7551.02 0.00157776
2040.82 7755.1 0.000936102
2040.82 7959.18 1.05383e-05
2040.82 8163.27 -0.000756806
2040.82 8367.35 -0.00104358
2040.82 8571.43 -0.000794481
2040.82 8775.51 -0.000219826
2040.82 8979.59 0.000344291
2040.82 9183.67 0.000622292
2040.82 9387.75 0.000523978
2040.82 9591.84 0.000154338
2040.82 9795.92 -0.000275086
2040.82 10000 -0.00057357
2244.9 0 0.000779288
2244.9 204.082 0.000110685
2244.9 408.163 -0.000527459
2244.9 612.245 -0.000761575
2244.9 816.327 -0.00040983
2244.9 1020.41 0.000338762
2244.9 1224.49 0.00100497
2244.9 1428.57 0.00111084
2244.9 1632.65 0.000485895
2244.9 1836.73 -0.000605912
2244.9 2040.82 -0.00158886
2244.9 2244.9 -0.00186978
2244.9 2448.98 -0.00114492
2244.9 2653.06 0.000420885
2244.9 2857.14 0.0022053
2244.9 3061.22 0.00332303
2244.9 3265.31 0.00295071
2244.9 3469.39 0.000677856
2244.9 3673.47 -0.00325705
2244.9 3877.55 -0.00748374
2244.9 4081.63 -0.0100167
2244.9 4285.71 -0.0108544
2244.9 4489.8 -0.0103503
2244.9 4693.88 -0.00892955
2244.9 4897.96 -0.00696787
2244.9 5102.04 -0.00476039
2244.9 5306.12 -0.00255127
2244.9 5510.2 -0.00058519
2244.9 5714.29 0.000857771
2244.9 5918.37 0.00147747
2244.9 6122.45 0.00104135
2244.9 6326.53 -0.000454466
2244.9 6530.61 -0.00221359
2244.9 6734.69 -0.00268421
2244.9 6938.78 -0.00207551
2244.9 7142.86 -0.000714362
2244.9 7346.94 0.000751882
2244.9 7551.02 0.00167686
2244.9 7755.1 0.00172512
2244.9 7959.18 0.00100921
2244.9 8163.27 -9.20355e-06
2244.9 8367.35 -0.000790027
2244.9 8571.43 -0.00100096
2244.9 8775.51 -0.000659304
2244.9 8979.59 -6.49469e-05
2244.9 9183.67 0.000409249
2244.9 9387.75 0.000530055
2244.9 9591.84 0.000300979
2244.9 9795.92 -9.01605e-05
2244.9 10000 -0.000418701
2448.98 0 0.000531595
2448.98 204.082 -0.000110298
2448.98 408.163 -0.000598693
2448.98 612.245 -0.00057552
2448.98 816.327 1.007e-05
2448.98 1020.41 0.000777294
2448.98 1224.49 0.00113818
2448.98 1428.57 0.000718069
2448.98 1632.65 -0.000342876
2448.98 1836.73 -0.00143315
2448.98 2040.82 -0.00183123
2448.98 2244.9 -0.00114492
2448.98 2448.98 0.000430276
2448.98 2653.06 0.00214023
2448.98 2857.14 0.00291997
2448.98 3061.22 0.00173327
2448.98 3265.31 -0.00208219
2448.98 3469.39 -0.00754219
2448.98 3673.47 -0.0110722
2448.98 3877.55 -0.0127807
2448.98 4081.63 -0.0130626
2448.98 4285.71 -0.0124519
2448.98 4489.8 -0.0113925
2448.98 4693.88 -0.0101371
2448.98 4897.96 -0.0087469
2448.98 5102.04 -0.00716047
2448.98 5306.12 -0.0052976
2448.98 5510.2 -0.00316692
2448.98 5714.29 -0.000945095
2448.98 5918.37 0.00100151
2448.98 6122.45 0.00217747
2448.98 6326.53 0.00211533
2448.98 6530.61 0.000620788
2448.98 6734.69 -0.00194486
2448.98 6938.78 -0.0034364
2448.98 7142.86 -0.00280414
2448.98 7346.94 -0.00115899
2448.98 7551.02 0.000606561
2448.98 7755.1 0.00167568
2448.98 7959.18 0.00169999
2448.98 8163.27 0.000903894
2448.98 8367.35 -0.000125623
2448.98 8571.43 -0.000811221
2448.98 8775.51 -0.000889365
2448.98 8979.59 -0.00048502
2448.98 9183.67 4.54141e-05
2448.98 9387.75 0.000369191
2448.98 9591.84 0.000361422
2448.98 9795.92 0.000121945
2448.98 10000 -0.00015
2653.06 0 0.000180604
2653.06 204.082 -0.000312039
2653.06 408.163 -0.000533865
2653.06 612.245 -0.000229106
2653.06 816.327 0.000465798
2653.06 1020.41 0.00101688
2653.06 1224.49 0.000873651
2653.06 1428.57 -5.20841e-05
2653.06 1632.65 -0.00121916
2653.06 1836.73 -0.00177985
2653.06 2040.82 -0.00117697
2653.06 2244.9 0.000420885
2653.06 2448.98 0.00214023
2653.06 2653.06 0.00280978
2653.06 2857.14 0.00143096
2653.06 3061.22 -0.00254976
2653.06 3265.31 -0.00597821
2653.06 3469.39 -0.00665233
2653.06 3673.47 -0.00550121
2653.06 3877.55 -0.00356042
2653.06 4081.63 -0.00177531
2653.06 4285.71 -0.000757659
2653.06 4489.8 -0.000714012
2653.06 4693.88 -0.00148697
2653.06 4897.96 -0.00266227
2653.06 5102.04 -0.00371151
2653.06 5306.12 -0.00414325
2653.06 5510.2 -0.00364193
2653.06 5714.29 -0.00217314
2653.06 5918.37 -3.36662e-05
2653.06 6122.45 0.00217636
2653.06 6326.53 0.00367834
2653.06 6530.61 0.0037469
2653.06 6734.69 0.00203121
2653.06 6938.78 -0.00109969
2653.06 7142.86 -0.00387912
2653.06 7346.94 -0.0032341
2653.06 7551.02 -0.00135632
2653.06 7755.1 0.000575754
2653.06 7959.18 0.00163511
2653.06 8163.27 0.00155049
2653.06 8367.35 0.000694471
2653.06 8571.43 -0.000265572
2653.06 8775.51 -0.000796682
2653.06 8979.59 -0.000752496
2653.06 9183.67 -0.000344156
2653.06 9387.75 8.64221e-05
2653.06 9591.84 0.000305119
2653.06 9795.92 0.000284959
2653.06 10000 0.000143347
2857.14 0 -0.000203899
2857.14 204.082 -0.000444304
2857.14 408.163 -0.000332084
2857.14 612.245 0.000213357
2857.14 816.327 0.000850991
2857.14 1020.41 0.000980625
2857.14 1224.49 0.000257955
2857.14 1428.57 -0.000975966
2857.14 1632.65 -0.00180043
2857.14 1836.73 -0.00138179
2857.14 2040.82 0.000288161
2857.14 2244.9 0.0022053
2857.14 2448.98 0.00291997
2857.14 2653.06 0.00143096
2857.14 2857.14 -0.00228368
2857.14 3061.22 -0.00314079
2857.14 3265.31 0.000317955
2857.14 3469.39 0.00632749
2857.14 3673.47 0.0128317
2857.14 3877.55 0.0180897
2857.14 4081.63 0.0210073
2857.14 4285.71 0.0211925
2857.14 4489.8 0.0188619
2857.14 4693.88 0.0146783
2857.14 4897.96 0.00956426
2857.14 5102.04 0.00451559
2857.14 5306.12 0.000428032
2857.14 5510.2 -0.00205161
2857.14 5714.29 -0.00263964
2857.14 5918.37 -0.00148103
2857.14 6122.45 0.000850693
2857.14 6326.53 0.00343972
2857.14 6530.61 0.00521786
2857.14 6734.69 0.0052626
2857.14 6938.78 0.0031765
2857.14 7142.86 -0.000536928
2857.14 7346.94 -0.00404601
2857.14 7551.02 -0.00327181
2857.14 7755.1 -0.00121367
2857.14 7959.18 0.000709732
2857.14 8163.27 0.00158863
2857.14 8367.35 0.00132274
2857.14 8571.43 0.000431353
2857.14 8775.51 -0.000408092
2857.14 8979.59 -0.000770673
2857.14 9183.67 -0.000628649
2857.14 9387.75 -0.000227193
2857.14 9591.84 0.000150575
2857.14 9795.92 0.000351248
2857.14 10000 0.000375728
3061.22 0 -0.000563081
3061.22 204.082 -0.000485247
3061.22 408.163 -2.71181e-05
3061.22 612.245 0.000672102
3061.22 816.327 0.00109084
3061.22 1020.41 0.000677059
3061.22 1224.49 -0.0005583
3061.22 1428.57 -0.0017831
3061.22 1632.65 -0.00183533
3061.22 1836.73 -0.000231175
3061.22 2040.82 0.00213121
3061.22 2244.9 0.00332303
3061.22 2448.98 0.00173327
3061.22 2653.06 -0.00254976
3061.22 2857.14 -0.00314079
3061.22 3061.22 0.00353165
3061.22 3265.31 0.0148995
3061.22 3469.39 0.0276588
3061.22 3673.47 0.0388383
3061.22 3877.55 0.046412
3061.22 4081.63 0.0494222
3061.22 4285.71 0.0478509
3061.22 4489.8 0.0423891
3061.22 4693.88 0.0341872
3061.22 4897.96 0.0246192
3061.22 5102.04 0.0150759
3061.22 5306.12 0.00678918
3061.22 5510.2 0.00068842
3061.22 5714.29 -0.00270999
3061.22 5918.37 -0.00337218
3061.22 6122.45 -0.00176394
3061.22 6326.53 0.00120212
3061.22 6530.61 0.00430889
3061.22 6734.69 0.00628181
3061.22 6938.78 0.00613775
3061.22 7142.86 0.00359434
3061.22 7346.94 -0.00056933
3061.22 7551.02 -0.00394839
3061.22 7755.1 -0.00286822
3061.22 7959.18 -0.000741052
3061.22 8163.27 0.000947924
3061.22 8367.35 0.0014832
3061.22 8571.43 0.00100224
3061.22 8775.51 0.000124288
3061.22 8979.59 -0.000543127
3061.22 9183.67 -0.000716911
3061.22 9387.75 -0.000465641
3061.22 9591.84 -4.18096e-05
3061.22 9795.92 0.000315131
3061.22 10000 0.000489493
3265.31 0 -0.000860199
3265.31 204.082 -0.000441889
3265.31 408.163 0.000326738
3265.31 612.245 0.0010758
3265.31 816.327 0.00115822
3265.31 1020.41 0.000183029
3265.31 1224.49 -0.00138837
3265.31 1428.57 -0.00226425
3265.31 1632.65 -0.00126043
3265.31 1836.73 0.00142045
3265.31 2040.82 0.00373488
3265.31 2244.9 0.00295071
3265.31 2448.98 -0.00208219
3265.31 2653.06 -0.00597821
3265.31 2857.14 0.000317955
3265.31 3061.22 0.0148995
3265.31 3265.31 0.0335551
3265.31 3469.39 0.0518578
3265.31 3673.47 0.0663914
3265.31 3877.55 0.0751485
3265.31 4081.63 0.077458
3265.31 4285.71 0.0737087
3265.31 4489.8 0.0650225
3265.31 4693.88 0.0529485
3265.31 4897.96 0.0392045
3265.31 5102.04 0.0254669
3265.31 5306.12 0.0132051
3265.31 5510.2 0.00355085
3265.31 5714.29 -0.00279903
3265.31 5918.37 -0.00564785
3265.31 6122.45 -0.00532307
3265.31 6326.53 -0.00264627
3265.31 6530.61 0.00116849
3265.31 6734.69 0.00470652
3265.31 6938.78 0.00664301
3265.31 7142.86 0.00611749
3265.31 7346.94 0.00313074
3265.31 7551.02 -0.00116833
3265.31 7755.1 -0.00349415
3265.31 7959.18 -0.0020765
3265.31 8163.27 -0.000119161
3265.31 8367.35 0.00110356
3265.31 8571.43 0.00122075
3265.31 8775.51 0.000590631
3265.31 8979.59 -0.0001667
3265.31 9183.67 -0.000588386
3265.31 9387.75 -0.000548097
3265.31 9591.84 -0.000198954
3265.31 9795.92 0.000201862
3265.31 10000 0.000459674
3469.39 0 -0.00108313
3469.39 204.082 -0.000341968
3469.39 408.163 0.000673157
3469.39 612.245 0.00138052
3469.39 816.327 0.00107458
3469.39 1020.41 -0.000390912
3469.39 1224.49 -0.00207933
3469.39 1428.57 -0.00234491
3469.39 1632.65 -0.000215717
3469.39 1836.73 0.00317048
3469.39 2040.82 0.00455571
3469.39 2244.9 0.000677856
3469.39 2448.98 -0.00754219
3469.39 2653.06 -0.00665233
3469.39 2857.14 0.00632749
3469.39 3061.22 0.0276588
3469.39 3265.31 0.0518578
3469.39 3469.39 0.0739218
3469.39 3673.47 0.0903456
3469.39 3877.55 0.099318
3469.39 4081.63 0.100497
3469.39 4285.71 0.0946302
3469.39 4489.8 0.0831725
3469.39 4693.88 0.06795
3469.39 4897.96 0.0508978
3469.39 5102.04 0.0338573
3469.39 5306.12 0.0184276
3469.39 5510.2 0.00585155
3469.39 5714.29 -0.00306457
3469.39 5918.37 -0.00800557
3469.39 6122.45 -0.0091699
3469.39 6326.53 -0.00725148
3469.39 6530.61 -0.0033659
3469.39 6734.69 0.0010951
3469.39 6938.78 0.00469265
3469.39 7142.86 0.00625085
3469.39 7346.94 0.00521475
3469.39 7551.02 0.001976
3469.39 7755.1 -0.00197942
3469.39 7959.18 -0.00265547
3469.39 8163.27 -0.00114616
3469.39 8367.35 0.000349759
3469.39 8571.43 0.00100723
3469.39 8775.51 0.000809917
3469.39 8979.59 0.000209945
3469.39 9183.67 -0.000297139
3469.39 9387.75 -0.000447601
3469.39 9591.84 -0.00026496
3469.39 9795.92 5.03352e-05
3469.39 10000 0.000291299
3673.47 0 -0.00123916
3673.47 204.082 -0.000221876
3673.47 408.163 0.000967961
3673.47 612.245 0.00157522
3673.47 816.327 0.000894903
3673.47 1020.41 -0.000938602
3673.47 1224.49 -0.00255577
3673.47 1428.57 -0.00209566
3673.47 1632.65 0.00102361
3673.47 1836.73 0.00463406
3673.47 2040.82 0.00436575
3673.47 2244.9 -0.00325705
3673.47 2448.98 -0.0110722
3673.47 2653.06 -0.00550121
3673.47 2857.14 0.0128317
3673.47 3061.22 0.0388383
3673.47 3265.31 0.0663914
3673.47 3469.39 0.0903456
3673.47 3673.47 0.107341
3673.47 3877.55 0.115839
3673.47 4081.63 0.1158
3673.47 4285.71 0.108242
3673.47 4489.8 0.094831
3673.47 4693.88 0.0775435
3673.47 4897.96 0.058407
3673.47 5102.04 0.039314
3673.47 5306.12 0.0218897
3673.47 5510.2 0.00739855
3673.47 5714.29 -0.00332003
3673.47 5918.37 -0.00989165
3673.47 6122.45 -0.0124223
3673.47 6326.53 -0.0114817
3673.47 6530.61 -0.00804444
3673.47 6734.69 -0.003376
3673.47 6938.78 0.00114583
3673.47 7142.86 0.00427313
3673.47 7346.94 0.00517319
3673.47 7551.02 0.00370659
3673.47 7755.1 0.000612099
3673.47 7959.18 -0.00215476
3673.47 8163.27 -0.00166499
3673.47 8367.35 -0.000449718
3673.47 8571.43 0.000455425
3673.47 8775.51 0.000698421
3673.47 8979.59 0.000445402
3673.47 9183.67 5.48948e-05
3673.47 9387.75 -0.000192338
3673.47 9591.84 -0.000213387
3673.47 9795.92 -9.59547e-05
3673.47 10000 1.83084e-05
3877.55 0 -0.00134429
3877.55 204.082 -0.000114847
3877.55 408.163 0.00118459
3877.55 612.245 0.00167302
3877.55 816.327 0.000683511
3877.55 1020.41 -0.0013853
3877.55 1224.49 -0.00282242
3877.55 1428.57 -0.00168034
3877.55 1632.65 0.00216284
3877.55 1836.73 0.00559148
3877.55 2040.82 0.00335969
3877.55 2244.9 -0.00748374
3877.55 2448.98 -0.0127807
3877.55 2653.06 -0.00356042
3877.55 2857.14 0.0180897
3877.55 3061.22 0.046412
3877.55 3265.31 0.0751485
3877.55 3469.39 0.099318
3877.55 3673.47 0.115839
3877.55 3877.55 0.123461
3877.55 4081.63 0.122378
3877.55 4285.71 0.113776
3877.55 4489.8 0.0994173
3877.55 4693.88 0.081309
3877.55 4897.96 0.0614619
3877.55 5102.04 0.0417194
3877.55 5306.12 0.0236432
3877.55 5510.2 0.00843792
3877.55 5714.29 -0.00309679
3877.55 5918.37 -0.0105916
3877.55 6122.45 -0.0141115
3877.55 6326.53 -0.0141332
3877.55 6530.61 -0.011489
3877.55 6734.69 -0.00726862
3877.55 6938.78 -0.00267457
3877.55 7142.86 0.00116432
3877.55 7346.94 0.00339958
3877.55 7551.02 0.00365125
3877.55 7755.1 0.00212611
3877.55 7959.18 -0.000378161
3877.55 8163.27 -0.00141161
3877.55 8367.35 -0.000946761
3877.55 8571.43 -0.00021736
3877.55 8775.51 0.000290149
3877.55 8979.59 0.000453345
3877.55 9183.67 0.000358615
3877.55 9387.75 0.000154006
3877.55 9591.84 -4.5408e-05
3877.55 9795.92 -0.000194994
3877.55 10000 -0.000302878
4081.63 0 -0.00141153
4081.63 204.082 -4.15839e-05
4081.63 408.163 0.00131449
4081.63 612.245 0.00169857
4081.63 816.327 0.000494829
4081.63 1020.41 -0.00169378
4081.63 1224.49 -0.00293219
4081.63 1428.57 -0.00127607
4081.63 1632.65 0.00298844
4081.63 1836.73 0.00603766
4081.63 2040.82 0.00206275
4081.63 2244.9 -0.0100167
4081.63 2448.98 -0.0130626
4081.63 2653.06 -0.00177531
4081.63 2857.14 0.0210073
4081.63 3061.22 0.0494222
4081.63 3265.31 0.077458
4081.63 3469.39 0.100497
4081.63 3673.47 0.1158
4081.63 3877.55 0.122378
4081.63 4081.63 0.120587
4081.63 4285.71 0.111684
4081.63 4489.8 0.0974212
4081.63 4693.88 0.0797408
4081.63 4897.96 0.0605459
4081.63 5102.04 0.0415496
4081.63 5306.12 0.0241767
4081.63 5510.2 0.00950301
4081.63 5714.29 -0.00177681
4081.63 5918.37 -0.0093608
4081.63 6122.45 -0.0133303
4081.63 6326.53 -0.0141158
4081.63 6530.61 -0.0124342
4081.63 6734.69 -0.00919177
4081.63 6938.78 -0.00535531
4081.63 7142.86 -0.00180309
4081.63 7346.94 0.000814154
4081.63 7551.02 0.00215939
4081.63 7755.1 0.00220269
4081.63 7959.18 0.00112545
4081.63 8163.27 -0.000425641
4081.63 8367.35 -0.000908625
4081.63 8571.43 -0.000763013
4081.63 8775.51 -0.000292102
4081.63 8979.59 0.000219489
4081.63 9183.67 0.000529106
4081.63 9387.75 0.000513629
4081.63 9591.84 0.000212962
4081.63 9795.92 -0.000217977
4081.63 10000 -0.000610843
4285.71 0 -0.00144415
4285.71 204.082 -6.19164e-06
4285.71 408.163 0.00136493
4285.71 612.245 0.00167978
4285.71 816.327 0.000367221
4285.71 1020.41 -0.00185218
4285.71 1224.49 -0.00294312
4285.71 1428.57 -0.00100943
4285.71 1632.65 0.00340527
4285.71 1836.73 0.00611301
4285.71 2040.82 0.00107757
4285.71 2244.9 -0.0108544
4285.71 2448.98 -0.0124519
4285.71 2653.06 -0.000757659
4285.71 2857.14 0.0211925
4285.71 3061.22 0.0478509
4285.71 3265.31 0.0737087
4285.71 3469.39 0.0946302
4285.71 3673.47 0.108242
4285.71 3877.55 0.113776
4285.71 4081.63 0.111684
4285.71 4285.71 0.103209
4285.71 4489.8 0.0900155
4285.71 4693.88 0.0739032
4285.71 4897.96 0.0565989
4285.71 5102.04 0.0396234
4285.71 5306.12 0.0242069
4285.71 5510.2 0.0112416
4285.71 5714.29 0.00126171
4285.71 5918.37 -0.00555466
4285.71 6122.45 -0.00936164
4285.71 6326.53 -0.0105972
4285.71 6530.61 -0.00990578
4285.71 6734.69 -0.0080305
4285.71 6938.78 -0.00568326
4285.71 7142.86 -0.00341311
4285.71 7346.94 -0.00151593
4285.71 7551.02 -4.39986e-05
4285.71 7755.1 0.00103716
4285.71 7959.18 0.00156835
4285.71 8163.27 0.000987868
4285.71 8367.35 -0.000285871
4285.71 8571.43 -0.000989224
4285.71 8775.51 -0.000890079
4285.71 8979.59 -0.00020797
4285.71 9183.67 0.000522544
4285.71 9387.75 0.000813672
4285.71 9591.84 0.000516418
4285.71 9795.92 -0.000159738
4285.71 10000 -0.000859222
4489.8 0 -0.00143715
4489.8 204.082 -5.05832e-07
4489.8 408.163 0.00135187
4489.8 612.245 0.0016411
4489.8 816.327 0.000323977
4489.8 1020.41 -0.0018578
4489.8 1224.49 -0.00288735
4489.8 1428.57 -0.000930224
4489.8 1632.65 0.00341342
4489.8 1836.73 0.00597224
4489.8 2040.82 0.000149839
4489.8 2244.9 -0.0103503
4489.8 2448.98 -0.0113925
4489.8 2653.06 -0.000714012
4489.8 2857.14 0.0188619
4489.8 3061.22 0.0423891
4489.8 3265.31 0.0650225
4489.8 3469.39 0.0831725
4489.8 3673.47 0.094831
4489.8 3877.55 0.0994173
4489.8 4081.63 0.0974212
4489.8 4285.71 0.0900155
4489.8 4489.8 0.0787179
4489.8 4693.88 0.0651302
4489.8 4897.96 0.0507557
4489.8 5102.04 0.0368783
4489.8 5306.12 0.0244916
4489.8 5510.2 0.0142615
4489.8 5714.29 0.00651711
4489.8 5918.37 0.00126463
4489.8 6122.45 -0.00177525
4489.8 6326.53 -0.00310108
4489.8 6530.61 -0.00333428
4489.8 6734.69 -0.0030912
4489.8 6938.78 -0.00283719
4489.8 7142.86 -0.00275349
4489.8 7346.94 -0.00267509
4489.8 7551.02 -0.00218027
4489.8 7755.1 -0.000902507
4489.8 7959.18 0.000954999
4489.8 8163.27 0.00215825
4489.8 8367.35 0.000796726
4489.8 8571.43 -0.000810964
4489.8 8775.51 -0.00136357
4489.8 8979.59 -0.000742994
4489.8 9183.67 0.000341526
4489.8 9387.75 0.00100542
4489.8 9591.84 0.000815729
4489.8 9795.92 -3.63626e-05
4489.8 10000 -0.00102626
4693.88 0 -0.00138548
4693.88 204.082 -1.5151e-05
4693.88 408.163 0.00128757
4693.88 612.245 0.00159348
4693.88 816.327 0.000369674
4693.88 1020.41 -0.00171289
4693.88 1224.49 -0.00276447
4693.88 1428.57 -0.0010179
4693.88 1632.65 0.00306461
4693.88 1836.73 0.00568245
4693.88 2040.82 0.000135374
4693.88 2244.9 -0.00892955
4693.88 2448.98 -0.0101371
4693.88 2653.06 -0.00148697
4693.88 2857.14 0.0146783
4693.88 3061.22 0.0341872
4693.88 3265.31 0.0529485
4693.88 3469.39 0.06795
4693.88 3673.47 0.0775435
4693.88 3877.55 0.081309
4693.88 4081.63 0.0797408
4693.88 4285.71 0.0739032
4693.88 4489.8 0.0651302
4693.88 4693.88 0.0547944
4693.88 4897.96 0.0441443
4693.88 5102.04 0.0341981
4693.88 5306.12 0.0256838
4693.88 5510.2 0.0190105
4693.88 5714.29 0.0142679
4693.88 5918.37 0.0112505
4693.88 6122.45 0.0095097
4693.88 6326.53 0.0084373
4693.88 6530.61 0.00738607
4693.88 6734.69 0.00582454
4693.88 6938.78 0.00351046
4693.88 7142.86 0.000641827
4693.88 7346.94 -0.00208941
4693.88 7551.02 -0.0036488
4693.88 7755.1 -0.00312057
4693.88 7959.18 -0.000482598
4693.88 8163.27 0.00259481
4693.88 8367.35 0.00210335
4693.88 8571.43 -0.00026013
4693.88 8775.51 -0.00162893
4693.88 8979.59 -0.00129276
4693.88 9183.67 2.65471e-05
4693.88 9387.75 0.00107424
4693.88 9591.84 0.00107343
4693.88 9795.92 0.00012555
4693.88 10000 -0.00111275
4897.96 0 -0.00129071
4897.96 204.082 -4.80581e-05
4897.96 408.163 0.0011714
4897.96 612.245 0.00152558
4897.96 816.327 0.000482227
4897.96 1020.41 -0.00143364
4897.96 1224.49 -0.00255589
4897.96 1428.57 -0.00120518
4897.96 1632.65 0.00243284
4897.96 1836.73 0.00520599
4897.96 2040.82 0.000749789
4897.96 2244.9 -0.00696787
4897.96 2448.98 -0.0087469
4897.96 2653.06 -0.00266227
4897.96 2857.14 0.00956426
4897.96 3061.22 0.0246192
4897.96 3265.31 0.0392045
4897.96 3469.39 0.0508978
4897.96 3673.47 0.058407
4897.96 3877.55 0.0614619
4897.96 4081.63 0.0605459
4897.96 4285.71 0.0565989
4897.96 4489.8 0.0507557
4897.96 4693.88 0.0441443
4897.96 4897.96 0.0377432
4897.96 5102.04 0.0322898
4897.96 5306.12 0.0282291
4897.96 5510.2 0.0256929
4897.96 5714.29 0.0245069
4897.96 5918.37 0.0242241
4897.96 6122.45 0.0241906
4897.96 6326.53 0.0236482
4897.96 6530.61 0.0218807
4897.96 6734.69 0.0184016
4897.96 6938.78 0.0131633
4897.96 7142.86 0.00673954
4897.96 7346.94 0.000386802
4897.96 7551.02 -0.00415211
4897.96 7755.1 -0.00525041
4897.96 7959.18 -0.00244536
4897.96 8163.27 0.00236904
4897.96 8367.35 0.00337608
4897.96 8571.43 0.000541844
4897.96 8775.51 -0.00167347
4897.96 8979.59 -0.00178414
4897.96 9183.67 -0.000362107
4897.96 9387.75 0.00103567
4897.96 9591.84 0.00126993
4897.96 9795.92 0.000297849
4897.96 10000 -0.00113537
5102.04 0 -0.00115922
5102.04 204.082 -0.000101158
5102.04 408.163 0.00099516
5102.04 612.245 0.00140991
5102.04 816.327 0.000615839
5102.04 1020.41 -0.00105598
5102.04 1224.49 -0.00224295
5102.04 1428.57 -0.00140167
5102.04 1632.65 0.0016113
5102.04 1836.73 0.00446182
5102.04 2040.82 0.00158107
5102.04 2244.9 -0.00476039
5102.04 2448.98 -0.00716047
5102.04 2653.06 -0.00371151
5102.04 2857.14 0.00451559
5102.04 3061.22 0.0150759
5102.04 3265.31 0.0254669
5102.04 3469.39 0.0338573
5102.04 3673.47 0.039314
5102.04 3877.55 0.0417194
5102.04 4081.63 0.0415496
5102.04 4285.71 0.0396234
5102.04 4489.8 0.0368783
5102.04 4693.88 0.0341981
5102.04 4897.96 0.0322898
5102.04 5102.04 0.0316057
5102.04 5306.12 0.0323004
5102.04 5510.2 0.0342177
5102.04 5714.29 0.0369038
5102.04 5918.37 0.0396503
5102.04 6122.45 0.0415723
5102.04 6326.53 0.0417316
5102.04 6530.61 0.0393103
5102.04 6734.69 0.0338341
5102.04 6938.78 0.0254253
5102.04 7142.86 0.0150241
5102.04 7346.94 0.00447089
5102.04 7551.02 -0.00372369
5102.04 7755.1 -0.00711498
5102.04 7959.18 -0.00465431
5102.04 8163.27 0.00168893
5102.04 8367.35 0.00441994
5102.04 8571.43 0.001432
5102.04 8775.51 -0.0015462
5102.04 8979.59 -0.00217621
5102.04 9183.67 -0.000760324
5102.04 9387.75 0.000926591
5102.04 9591.84 0.00140355
5102.04 9795.92 0.000456757
5102.04 10000 -0.00111892
5306.12 0 -0.000995236
5306.12 204.082 -0.000169275
5306.12 408.163 0.000759212
5306.12 612.245 0.00122258
5306.12 816.327 0.000718447
5306.12 1020.41 -0.000629805
5306.12 1224.49 -0.0018181
5306.12 1428.57 -0.00151156
5306.12 1632.65 0.000722721
5306.12 1836.73 0.00341548
5306.12 2040.82 0.00226117
5306.12 2244.9 -0.00255127
5306.12 2448.98 -0.0052976
5306.12 2653.06 -0.00414325
5306.12 2857.14 0.000428032
5306.12 3061.22 0.00678918
5306.12 3265.31 0.0132051
5306.12 3469.39 0.0184276
5306.12 3673.47 0.0218897
5306.12 3877.55 0.0236432
5306.12 4081.63 0.0241767
5306.12 4285.71 0.0242069
5306.12 4489.8 0.0244916
5306.12 4693.88 0.0256838
5306.12 4897.96 0.0282291
5306.12 5102.04 0.0323004
5306.12 5306.12 0.0377643
5306.12 5510.2 0.0441743
5306.12 5714.29 0.0507914
5306.12 5918.37 0.0566356
5306.12 6122.45 0.0605777
5306.12 6326.53 0.0614822
5306.12 6530.61 0.0584098
5306.12 6734.69 0.0508789
5306.12 6938.78 0.0391648
5306.12 7142.86 0.024567
5306.12 7346.94 0.00951703
5306.12 7551.02 -0.00267791
5306.12 7755.1 -0.00870482
5306.12 7959.18 -0.00686523
5306.12 8163.27 0.000851459
5306.12 8367.35 0.0051541
5306.12 8571.43 0.00225134
5306.12 8775.51 -0.00133518
5306.12 8979.59 -0.0024591
5306.12 9183.67 -0.00110918
5306.12 9387.75 0.000796978
5306.12 9591.84 0.00148876
5306.12 9795.92 0.000587523
5306.12 10000 -0.00108823
5510.2 0 -0.000796855
5510.2 204.082 -0.000233677
5510.2 408.163 0.000483344
5510.2 612.245 0.000959161
5510.2 816.327 0.000748404
5510.2 1020.41 -0.000211052
5510.2 1224.49 -0.00129352
5510.2 1428.57 -0.00145234
5510.2 1632.65 -8.05852e-05
5510.2 1836.73 0.00214143
5510.2 2040.82 0.00248956
5510.2 2244.9 -0.00058519
5510.2 2448.98 -0.00316692
5510.2 2653.06 -0.00364193
5510.2 2857.14 -0.00205161
5510.2 3061.22 0.00068842
5510.2 3265.31 0.00355085
5510.2 3469.39 0.00585155
5510.2 3673.47 0.00739855
5510.2 3877.55 0.00843792
5510.2 4081.63 0.00950301
5510.2 4285.71 0.0112416
5510.2 4489.8 0.0142615
5510.2 4693.88 0.0190105
5510.2 4897.96 0.0256929
5510.2 5102.04 0.0342177
5510.2 5306.12 0.0441743
5510.2 5510.2 0.0548334
5510.2 5714.29 0.0651749
5510.2 5918.37 0.0739488
5510.2 6122.45 0.0797814
5510.2 6326.53 0.0813376
5510.2 6530.61 0.0775537
5510.2 6734.69 0.0679373
5510.2 6938.78 0.052913
5510.2 7142.86 0.0341368
5510.2 7346.94 0.0146306
5510.2 7551.02 -0.00150487
5510.2 7755.1 -0.0100987
5510.2 7959.18 -0.00883329
5510.2 8163.27 0.000223034
5510.2 8367.35 0.00560925
5510.2 8571.43 0.00287149
5510.2 8775.51 -0.00114262
5510.2 8979.59 -0.00264567
5510.2 9183.67 -0.0013612
5510.2 9387.75 0.000699333
5510.2 9591.84 0.00154976
5510.2 9795.92 0.00068474
5510.2 10000 -0.00106312
5714.29 0 -0.000560993
5714.29 204.082 -0.000267511
5714.29 408.163 0.000203981
5714.29 612.245 0.000637429
5714.29 816.327 0.000681457
5714.29 1020.41 0.000142109
5714.29 1224.49 -0.000710171
5714.29 1428.57 -0.00117865
5714.29 1632.65 -0.000640796
5714.29 1836.73 0.000828975
5714.29 2040.82 0.00205416
5714.29 2244.9 0.000857771
5714.29 2448.98 -0.000945095
5714.29 2653.06 -0.00217314
5714.29 2857.14 -0.00263964
5714.29 3061.22 -0.00270999
5714.29 3265.31 -0.00279903
5714.29 3469.39 -0.00306457
5714.29 3673.47 -0.00332003
5714.29 3877.55 -0.00309679
5714.29 4081.63 -0.00177681
5714.29 4285.71 0.00126171
5714.29 4489.8 0.00651711
5714.29 4693.88 0.0142679
5714.29 4897.96 0.0245069
5714.29 5102.04 0.0369038
5714.29 5306.12 0.0507914
5714.29 5510.2 0.0651749
5714.29 5714.29 0.0787685
5714.29 5918.37 0.0900674
5714.29 6122.45 0.0974685
5714.29 6326.53 0.0994531
5714.29 6530.61 0.0948485
5714.29 6734.69 0.0831667
5714.29 6938.78 0.0649929
5714.29 7142.86 0.042343
5714.29 7346.94 0.0188166
5714.29 7551.02 -0.000731537
5714.29 7755.1 -0.0113561
5714.29 7959.18 -0.0102605
5714.29 8163.27 0.000217763
5714.29 8367.35 0.00586893
5714.29 8571.43 0.00319845
5714.29 8775.51 -0.00106289
5714.29 8979.59 -0.00276053
5714.29 9183.67 -0.00148698
5714.29 9387.75 0.000672876
5714.29 9591.84 0.00160611
5714.29 9795.92 0.000744617
5714.29 10000 -0.00105976
5918.37 0 -0.000294761
5918.37 204.082 -0.000249032
5918.37 408.163 -3.68961e-05
5918.37 612.245 0.000292315
5918.37 816.327 0.000512791
5918.37 1020.41 0.000373689
5918.37 1224.49 -0.00014157
5918.37 1428.57 -0.000705568
5918.37 1632.65 -0.000839393
5918.37 1836.73 -0.000267293
5918.37 2040.82 0.000881304
5918.37 2244.9 0.00147747
5918.37 2448.98 0.00100151
5918.37 2653.06 -3.36662e-05
5918.37 2857.14 -0.00148103
5918.37 3061.22 -0.00337218
5918.37 3265.31 -0.00564785
5918.37 3469.39 -0.00800557
5918.37 3673.47 -0.00989165
5918.37 3877.55 -0.0105916
5918.37 4081.63 -0.0093608
5918.37 4285.71 -0.00555466
5918.37 4489.8 0.00126463
5918.37 4693.88 0.0112505
5918.37 4897.96 0.0242241
5918.37 5102.04 0.0396503
5918.37 5306.12 0.0566356
5918.37 5510.2 0.0739488
5918.37 5714.29 0.0900674
5918.37 5918.37 0.103263
5918.37 6122.45 0.111734
5918.37 6326.53 0.113816
5918.37 6530.61 0.108265
5918.37 6734.69 0.0946312
5918.37 6938.78 0.073686
5918.37 7142.86 0.0478112
5918.37 7346.94 0.0211525
5918.37 7551.02 -0.000770983
5918.37 7755.1 -0.0124125
5918.37 7959.18 -0.0107657
5918.37 8163.27 0.00112677
5918.37 8367.35 0.00598115
5918.37 8571.43 0.00316486
5918.37 8775.51 -0.00116128
5918.37 8979.59 -0.00282489
5918.37 9183.67 -0.00147655
5918.37 9387.75 0.000731143
5918.37 9591.84 0.00165893
5918.37 9795.92 0.00075586
5918.37 10000 -0.0010939
6122.45 0 -2.23431e-05
6122.45 204.082 -0.00017207
6122.45 408.163 -0.000202343
6122.45 612.245 -2.96061e-05
6122.45 816.327 0.00026084
6122.45 1020.41 0.000442023
6122.45 1224.49 0.000316377
6122.45 1428.57 -0.000119012
6122.45 1632.65 -0.00064526
6122.45 1836.73 -0.000911952
6122.45 2040.82 -0.000525759
6122.45 2244.9 0.00104135
6122.45 2448.98 0.00217747
6122.45 2653.06 0.00217636
6122.45 2857.14 0.000850693
6122.45 3061.22 -0.00176394
6122.45 3265.31 -0.00532307
6122.45 3469.39 -0.0091699
6122.45 3673.47 -0.0124223
6122.45 3877.55 -0.0141115
6122.45 4081.63 -0.0133303
6122.45 4285.71 -0.00936164
6122.45 4489.8 -0.00177525
6122.45 4693.88 0.0095097
6122.45 4897.96 0.0241906
6122.45 5102.04 0.0415723
6122.45 5306.12 0.0605777
6122.45 5510.2 0.0797814
6122.45 5714.29 0.0974685
6122.45 5918.37 0.111734
6122.45 6122.45 0.120636
6122.45 6326.53 0.122419
6122.45 6530.61 0.115827
6122.45 6734.69 0.100503
6122.45 6938.78 0.0774417
6122.45 7142.86 0.0493896
6122.45 7346.94 0.0209746
6122.45 7551.02 -0.00178026
6122.45 7755.1 -0.0130123
6122.45 7959.18 -0.00991568
6122.45 8163.27 0.00210078
6122.45 8367.35 0.00589381
6122.45 8571.43 0.00273172
6122.45 8775.51 -0.00144982
6122.45 8979.59 -0.00283565
6122.45 9183.67 -0.00132879
6122.45 9387.75 0.000865319
6122.45 9591.84 0.00169221
6122.45 9795.92 0.000702431
6122.45 10000 -0.00117622
6326.53 0 0.000218039
6326.53 204.082 -4.95674e-05
6326.53 408.163 -0.00026918
6326.53 612.245 -0.000277637
6326.53 816.327 -3.03323e-05
6326.53 1020.41 0.000337052
6326.53 1224.49 0.000571714
6326.53 1428.57 0.000438874
6326.53 1632.65 -0.000141837
6326.53 1836.73 -0.000977479
6326.53 2040.82 -0.00150765
6326.53 2244.9 -0.000454466
6326.53 2448.98 0.00211533
6326.53 2653.06 0.00367834
6326.53 2857.14 0.00343972
6326.53 3061.22 0.00120212
6326.53 3265.31 -0.00264627
6326.53 3469.39 -0.00725148
6326.53 3673.47 -0.0114817
6326.53 3877.55 -0.0141332
6326.53 4081.63 -0.0141158
6326.53 4285.71 -0.0105972
6326.53 4489.8 -0.00310108
6326.53 4693.88 0.0084373
6326.53 4897.96 0.0236482
6326.53 5102.04 0.0417316
6326.53 5306.12 0.0614822
6326.53 5510.2 0.0813376
6326.53 5714.29 0.0994531
6326.53 5918.37 0.113816
6326.53 6122.45 0.122419
6326.53 6326.53 0.123497
6326.53 6530.61 0.115864
6326.53 6734.69 0.0993251
6326.53 6938.78 0.0751355
6326.53 7142.86 0.046384
6326.53 7346.94 0.0180635
6326.53 7551.02 -0.00355451
6326.53 7755.1 -0.0127098
6326.53 7959.18 -0.00734764
6326.53 8163.27 0.00341346
6326.53 8367.35 0.00546357
6326.53 8571.43 0.00191094
6326.53 8775.51 -0.00186788
6326.53 8979.59 -0.00275249
6326.53 9183.67 -0.00104123
6326.53 9387.75 0.00105554
6326.53 9591.84 0.00168594
6326.53 9795.92 0.000577006
6326.53 10000 -0.00130046
6530.61 0 0.000384437
6530.61 204.082 8.8587e-05
6530.61 408.163 -0.000236196
6530.61 612.245 -0.000410788
6530.61 816.327 -0.000298802
6530.61 1020.41 9.14461e-05
6530.61 1224.49 0.000569965
6530.61 1428.57 0.000809963
6530.61 1632.65 0.00048324
6530.61 1836.73 -0.000507506
6530.61 2040.82 -0.00175538
6530.61 2244.9 -0.00221359
6530.61 2448.98 0.000620788
6530.61 2653.06 0.0037469
6530.61 2857.14 0.00521786
6530.61 3061.22 0.00430889
6530.61 3265.31 0.00116849
6530.61 3469.39 -0.0033659
6530.61 3673.47 -0.00804444
6530.61 3877.55 -0.011489
6530.61 4081.63 -0.0124342
6530.61 4285.71 -0.00990578
6530.61 4489.8 -0.00333428
6530.61 4693.88 0.00738607
6530.61 4897.96 0.0218807
6530.61 5102.04 0.0393103
6530.61 5306.12 0.0584098
6530.61 5510.2 0.0775537
6530.61 5714.29 0.0948485
6530.61 5918.37 0.108265
6530.61 6122.45 0.115827
6530.61 6326.53 0.115864
6530.61 6530.61 0.107357
6530.61 6734.69 0.0903477
6530.61 6938.78 0.0663756
6530.61 7142.86 0.0388088
6530.61 7346.94 0.0128063
6530.61 7551.02 -0.00548716
6530.61 7755.1 -0.0109736
6530.61 7959.18 -0.00307545
6530.61 8163.27 0.00445691
6530.61 8367.35 0.00454861
6530.61 8571.43 0.000800037
6530.61 8775.51 -0.00228349
6530.61 8979.59 -0.00251025
6530.61 9183.67 -0.000617995
6530.61 9387.75 0.00127212
6530.61 9591.84 0.0016241
6530.61 9795.92 0.000390495
6530.61 10000 -0.00143644
6734.69 0 0.000444879
6734.69 204.082 0.000204416
6734.69 408.163 -0.000125743
6734.69 612.245 -0.000410429
6734.69 816.327 -0.000479799
6734.69 1020.41 -0.000220212
6734.69 1224.49 0.000322362
6734.69 1428.57 0.000875554
6734.69 1632.65 0.000989815
6734.69 1836.73 0.000273072
6734.69 2040.82 -0.00122442
6734.69 2244.9 -0.00268421
6734.69 2448.98 -0.00194486
6734.69 2653.06 0.00203121
6734.69 2857.14 0.0052626
6734.69 3061.22 0.00628181
6734.69 3265.31 0.00470652
6734.69 3469.39 0.0010951
6734.69 3673.47 -0.003376
6734.69 3877.55 -0.00726862
6734.69 4081.63 -0.00919177
6734.69 4285.71 -0.0080305
6734.69 4489.8 -0.0030912
6734.69 4693.88 0.00582454
6734.69 4897.96 0.0184016
6734.69 5102.04 0.0338341
6734.69 5306.12 0.0508789
6734.69 5510.2 0.0679373
6734.69 5714.29 0.0831667
6734.69 5918.37 0.0946312
6734.69 6122.45 0.100503
6734.69 6326.53 0.0993251
6734.69 6530.61 0.0903477
6734.69 6734.69 0.0739118
6734.69 6938.78 0.0518306
6734.69 7142.86 0.027617
6734.69 7346.94 0.00628963
6734.69 7551.02 -0.00664276
6734.69 7755.1 -0.00741944
6734.69 7959.18 0.000872677
6734.69 8163.27 0.00468568
6734.69 8367.35 0.00313655
6734.69 8571.43 -0.000399676
6734.69 8775.51 -0.00252543
6734.69 8979.59 -0.00205638
6734.69 9183.67 -9.28043e-05
6734.69 9387.75 0.0014672
6734.69 9591.84 0.00149316
6734.69 9795.92 0.00017027
6734.69 10000 -0.00153505
6938.78 0 0.000388585
6938.78 204.082 0.000264761
6938.78 408.163 2.43369e-05
6938.78 612.245 -0.000283893
6938.78 816.327 -0.000520506
6938.78 1020.41 -0.000494121
6938.78 1224.49 -8.20711e-05
6938.78 1428.57 0.000609955
6938.78 1632.65 0.00117016
6938.78 1836.73 0.00102334
6938.78 2040.82 -0.0001756
6938.78 2244.9 -0.00207551
6938.78 2448.98 -0.0034364
6938.78 2653.06 -0.00109969
6938.78 2857.14 0.0031765
6938.78 3061.22 0.00613775
6938.78 3265.31 0.00664301
6938.78 3469.39 0.00469265
6938.78 3673.47 0.00114583
6938.78 3877.55 -0.00267457
6938.78 4081.63 -0.00535531
6938.78 4285.71 -0.00568326
6938.78 4489.8 -0.00283719
6938.78 4693.88 0.00351046
6938.78 4897.96 0.0131633
6938.78 5102.04 0.0254253
6938.78 5306.12 0.0391648
6938.78 5510.2 0.052913
6938.78 5714.29 0.0649929
6938.78 5918.37 0.073686
6938.78 6122.45 0.0774417
6938.78 6326.53 0.0751355
6938.78 6530.61 0.0663756
6938.78 6734.69 0.0518306
6938.78 6938.78 0.0335083
6938.78 7142.86 0.014832
6938.78 7346.94 0.000247244
6938.78 7551.02 -0.00600002
6938.78 7755.1 -0.00198209
6938.78 7959.18 0.00312988
6938.78 8163.27 0.00388017
6938.78 8367.35 0.00142166
6938.78 8571.43 -0.00141524
6938.78 8775.51 -0.00244539
6938.78 8979.59 -0.00139571
6938.78 9183.67 0.000453899
6938.78 9387.75 0.00157314
6938.78 9591.84 0.00128051
6938.78 9795.92 -4.86865e-05
6938.78 10000 -0.00154302
7142.86 0 0.000229544
7142.86 204.082 0.000250266
7142.86 408.163 0.000169648
7142.86 612.245 -6.57677e-05
7142.86 816.327 -0.000398564
7142.86 1020.41 -0.000626774
7142.86 1224.49 -0.000493861
7142.86 1428.57 0.000106982
7142.86 1632.65 0.000938131
7142.86 1836.73 0.00141771
7142.86 2040.82 0.000921592
7142.86 2244.9 -0.000714362
7142.86 2448.98 -0.00280414
7142.86 2653.06 -0.00387912
7142.86 2857.14 -0.000536928
7142.86 3061.22 0.00359434
7142.86 3265.31 0.00611749
7142.86 3469.39 0.00625085
7142.86 3673.47 0.00427313
7142.86 3877.55 0.00116432
7142.86 4081.63 -0.00180309
7142.86 4285.71 -0.00341311
7142.86 4489.8 -0.00275349
7142.86 4693.88 0.000641827
7142.86 4897.96 0.00673954
7142.86 5102.04 0.0150241
7142.86 5306.12 0.024567
7142.86 5510.2 0.0341368
7142.86 5714.29 0.042343
7142.86 5918.37 0.0478112
7142.86 6122.45 0.0493896
7142.86 6326.53 0.046384
7142.86 6530.61 0.0388088
7142.86 6734.69 0.027617
7142.86 6938.78 0.014832
7142.86 7142.86 0.00342954
7142.86 7346.94 -0.00326638
7142.86 7551.02 -0.00263716
7142.86 7755.1 0.00176916
7142.86 7959.18 0.00345424
7142.86 8163.27 0.0022563
7142.86 8367.35 -0.000227703
7142.86 8571.43 -0.00198805
7142.86 8775.51 -0.00198696
7142.86 8979.59 -0.000615903
7142.86 9183.67 0.000902954
7142.86 9387.75 0.00151933
7142.86 9591.84 0.00098111
7142.86 9795.92 -0.000232068
7142.86 10000 -0.00142068
7346.94 0 4.42349e-06
7346.94 204.082 0.000159057
7346.94 408.163 0.000265703
7346.94 612.245 0.000181905
7346.94 816.327 -0.000140988
7346.94 1020.41 -0.000557138
7346.94 1224.49 -0.000754469
7346.94 1428.57 -0.000445033
7346.94 1632.65 0.00037482
7346.94 1836.73 0.00128601
7346.94 2040.82 0.00159366
7346.94 2244.9 0.000751882
7346.94 2448.98 -0.00115899
7346.94 2653.06 -0.0032341
7346.94 2857.14 -0.00404601
7346.94 3061.22 -0.00056933
7346.94 3265.31 0.00313074
7346.94 3469.39 0.00521475
7346.94 3673.47 0.00517319
7346.94 3877.55 0.00339958
7346.94 4081.63 0.000814154
7346.94 4285.71 -0.00151593
7346.94 4489.8 -0.00267509
7346.94 4693.88 -0.00208941
7346.94 4897.96 0.000386802
7346.94 5102.04 0.00447089
7346.94 5306.12 0.00951703
7346.94 5510.2 0.0146306
7346.94 5714.29 0.0188166
7346.94 5918.37 0.0211525
7346.94 6122.45 0.0209746
7346.94 6326.53 0.0180635
7346.94 6530.61 0.0128063
7346.94 6734.69 0.00628963
7346.94 6938.78 0.000247244
7346.94 7142.86 -0.00326638
7346.94 7346.94 -0.00246385
7346.94 7551.02 0.0013039
7346.94 7755.1 0.00289734
7346.94 7959.18 0.00227763
7346.94 8163.27 0.000371265
7346.94 8367.35 -0.00140098
7346.94 8571.43 -0.00197362
7346.94 8775.51 -0.00122284
7346.94 8979.59 0.00012739
7346.94 9183.67 0.00113272
7346.94 9387.75 0.00126246
7346.94 9591.84 0.000609122
7346.94 9795.92 -0.000352188
7346.94 10000 -0.00115709
7551.02 0 -0.000231661
7551.02 204.082 9.86384e-06
7551.02 408.163 0.000279009
7551.02 612.245 0.000382356
7551.02 816.327 0.000175065
7551.02 1020.41 -0.000297629
7551.02 1224.49 -0.000760403
7551.02 1428.57 -0.000835869
7551.02 1632.65 -0.000300177
7551.02 1836.73 0.000689597
7551.02 2040.82 0.00157776
7551.02 2244.9 0.00167686
7551.02 2448.98 0.000606561
7551.02 2653.06 -0.00135632
7551.02 2857.14 -0.00327181
7551.02 3061.22 -0.00394839
7551.02 3265.31 -0.00116833
7551.02 3469.39 0.001976
7551.02 3673.47 0.00370659
7551.02 3877.55 0.00365125
7551.02 4081.63 0.00215939
7551.02 4285.71 -4.39986e-05
7551.02 4489.8 -0.00218027
7551.02 4693.88 -0.0036488
7551.02 4897.96 -0.00415211
7551.02 5102.04 -0.00372369
7551.02 5306.12 -0.00267791
7551.02 5510.2 -0.00150487
7551.02 5714.29 -0.000731537
7551.02 5918.37 -0.000770983
7551.02 6122.45 -0.00178026
7551.02 6326.53 -0.00355451
7551.02 6530.61 -0.00548716
7551.02 6734.69 -0.00664276
7551.02 6938.78 -0.00600002
7551.02 7142.86 -0.00263716
7551.02 7346.94 0.0013039
7551.02 7551.02 0.00269869
7551.02 7755.1 0.00210005
7551.02 7959.18 0.000459564
7551.02 8163.27 -0.00112256
7551.02 8367.35 -0.00181373
7551.02 8571.43 -0.0014056
7551.02 8775.51 -0.000337332
7551.02 8979.59 0.000663608
7551.02 9183.67 0.00106852
7551.02 9387.75 0.000814093
7551.02 9591.84 0.000204458
7551.02 9795.92 -0.000392786
7551.02 10000 -0.000777328
7755.1 0 -0.000413731
7755.1 204.082 -0.000156029
7755.1 408.163 0.000203348
7755.1 612.245 0.000471478
7755.1 816.327 0.00044684
7755.1 1020.41 6.51939e-05
7755.1 1224.49 -0.000508186
7755.1 1428.57 -0.000920806
7755.1 1632.65 -0.000822238
7755.1 1836.73 -0.000108548
7755.1 2040.82 0.000936102
7755.1 2244.9 0.00172512
7755.1 2448.98 0.00167568
7755.1 2653.06 0.000575754
7755.1 2857.14 -0.00121367
7755.1 3061.22 -0.00286822
7755.1 3265.31 -0.00349415
7755.1 3469.39 -0.00197942
7755.1 3673.47 0.000612099
7755.1 3877.55 0.00212611
7755.1 4081.63 0.00220269
7755.1 4285.71 0.00103716
7755.1 4489.8 -0.000902507
7755.1 4693.88 -0.00312057
7755.1 4897.96 -0.00525041
7755.1 5102.04 -0.00711498
7755.1 5306.12 -0.00870482
7755.1 5510.2 -0.0100987
7755.1 5714.29 -0.0113561
7755.1 5918.37 -0.0124125
7755.1 6122.45 -0.0130123
7755.1 6326.53 -0.0127098
7755.1 6530.61 -0.0109736
7755.1 6734.69 -0.00741944
7755.1 6938.78 -0.00198209
7755.1 7142.86 0.00176916
7755.1 7346.94 0.00289734
7755.1 7551.02 0.00210005
7755.1 7755.1 0.000425933
7755.1 7959.18 -0.00109095
7755.1 8163.27 -0.00176007
7755.1 8367.35 -0.00143631
7755.1 8571.43 -0.000495577
7755.1 8775.51 0.000437662
7755.1 8979.59 0.000874773
7755.1 9183.67 0.000722268
7755.1 9387.75 0.000251521
7755.1 9591.84 -0.000170009
7755.1 9795.92 -0.000350877
7755.1 10000 -0.000337377
7959.18 0 -0.000484096
7959.18 204.082 -0.000282815
7959.18 408.163 6.76783e-05
7959.18 612.245 0.000423676
7959.18 816.327 0.00058283
7959.18 1020.41 0.000399656
7959.18 1224.49 -0.000100504
7959.18 1428.57 -0.00068405
7959.18 1632.65 -0.000998766
7959.18 1836.73 -0.000768706
7959.18 2040.82 1.05383e-05
7959.18 2244.9 0.00100921
7959.18 2448.98 0.00169999
7959.18 2653.06 0.00163511
7959.18 2857.14 0.000709732
7959.18 3061.22 -0.000741052
7959.18 3265.31 -0.0020765
7959.18 3469.39 -0.00265547
7959.18 3673.47 -0.00215476
7959.18 3877.55 -0.000378161
7959.18 4081.63 0.00112545
7959.18 4285.71 0.00156835
7959.18 4489.8 0.000954999
7959.18 4693.88 -0.000482598
7959.18 4897.96 -0.00244536
7959.18 5102.04 -0.00465431
7959.18 5306.12 -0.00686523
7959.18 5510.2 -0.00883329
7959.18 5714.29 -0.0102605
7959.18 5918.37 -0.0107657
7959.18 6122.45 -0.00991568
7959.18 6326.53 -0.00734764
7959.18 6530.61 -0.00307545
7959.18 6734.69 0.000872677
7959.18 6938.78 0.00312988
7959.18 7142.86 0.00345424
7959.18 7346.94 0.00227763
7959.18 7551.02 0.000459564
7959.18 7755.1 -0.00109095
7959.18 7959.18 -0.00176635
7959.18 8163.27 -0.001456
7959.18 8367.35 -0.000521806
7959.18 8571.43 0.000434214
7959.18 8775.51 0.000905969
7959.18 8979.59 0.000746115
7959.18 9183.67 0.000201857
7959.18 9387.75 -0.000295915
7959.18 9591.84 -0.000441711
7959.18 9795.92 -0.000236052
7959.18 10000 9.06334e-05
8163.27 0 -0.000413812
8163.27 204.082 -0.000321108
8163.27 408.163 -7.53089e-05
8163.27 612.245 0.000259856
8163.27 816.327 0.00053505
8163.27 1020.41 0.000577508
8163.27 1224.49 0.000293062
8163.27 1428.57 -0.000246011
8163.27 1632.65 -0.000793104
8163.27 1836.73 -0.00103258
8163.27 2040.82 -0.000756806
8163.27 2244.9 -9.20355e-06
8163.27 2448.98 0.000903894
8163.27 2653.06 0.00155049
8163.27 2857.14 0.00158863
8163.27 3061.22 0.000947924
8163.27 3265.31 -0.000119161
8163.27 3469.39 -0.00114616
8163.27 3673.47 -0.00166499
8163.27 3877.55 -0.00141161
8163.27 4081.63 -0.000425641
8163.27 4285.71 0.000987868
8163.27 4489.8 0.00215825
8163.27 4693.88 0.00259481
8163.27 4897.96 0.00236904
8163.27 5102.04 0.00168893
8163.27 5306.12 0.000851459
8163.27 5510.2 0.000223034
8163.27 5714.29 0.000217763
8163.27 5918.37 0.00112677
8163.27 6122.45 0.00210078
8163.27 6326.53 0.00341346
8163.27 6530.61 0.00445691
8163.27 6734.69 0.00468568
8163.27 6938.78 0.00388017
8163.27 7142.86 0.0022563
8163.27 7346.94 0.000371265
8163.27 7551.02 -0.00112256
8163.27 7755.1 -0.00176007
8163.27 7959.18 -0.001456
8163.27 8163.27 -0.000523432
8163.27 8367.35 0.000488713
8163.27 8571.43 0.00106572
8163.27 8775.51 0.000977286
8163.27 8979.59 0.000375534
8163.27 9183.67 -0.000319666
8163.27 9387.75 -0.000685914
8163.27 9591.84 -0.000551755
8163.27 9795.92 -7.04019e-05
8163.27 10000 0.000436311
8367.35 0 -0.000217006
8367.35 204.082 -0.000250513
8367.35 408.163 -0.000172839
8367.35 612.245 3.71082e-05
8367.35 816.327 0.000317613
8367.35 1020.41 0.000527644
8367.35 1224.49 0.00051106
8367.35 1428.57 0.000195553
8367.35 1632.65 -0.000332158
8367.35 1836.73 -0.00083667
8367.35 2040.82 -0.00104358
8367.35 2244.9 -0.000790027
8367.35 2448.98 -0.000125623
8367.35 2653.06 0.000694471
8367.35 2857.14 0.00132274
8367.35 3061.22 0.0014832
8367.35 3265.31 0.00110356
8367.35 3469.39 0.000349759
8367.35 3673.47 -0.000449718
8367.35 3877.55 -0.000946761
8367.35 4081.63 -0.000908625
8367.35 4285.71 -0.000285871
8367.35 4489.8 0.000796726
8367.35 4693.88 0.00210335
8367.35 4897.96 0.00337608
8367.35 5102.04 0.00441994
8367.35 5306.12 0.0051541
8367.35 5510.2 0.00560925
8367.35 5714.29 0.00586893
8367.35 5918.37 0.00598115
8367.35 6122.45 0.00589381
8367.35 6326.53 0.00546357
8367.35 6530.61 0.00454861
8367.35 6734.69 0.00313655
8367.35 6938.78 0.00142166
8367.35 7142.86 -0.000227703
8367.35 7346.94 -0.00140098
8367.35 7551.02 -0.00181373
8367.35 7755.1 -0.00143631
8367.35 7959.18 -0.000521806
8367.35 8163.27 0.000488713
8367.35 8367.35 0.00115002
8367.35 8571.43 0.00120528
8367.35 8775.51 0.000696802
8367.35 8979.59 -6.5216e-05
8367.35 9183.67 -0.000668411
8367.35 9387.75 -0.000816676
8367.35 9591.84 -0.000480677
8367.35 9795.92 0.000112431
8367.35 10000 0.000648095
8571.43 0 4.76608e-05
8571.43 204.082 -9.27097e-05
8571.43 408.163 -0.000194666
8571.43 612.245 -0.000171903
8571.43 816.327 6.6671e-06
8571.43 1020.41 0.000273395
8571.43 1224.49 0.000477706
8571.43 1428.57 0.000462328
8571.43 1632.65 0.000163804
8571.43 1836.73 -0.000327256
8571.43 2040.82 -0.000794481
8571.43 2244.9 -0.00100096
8571.43 2448.98 -0.000811221
8571.43 2653.06 -0.000265572
8571.43 2857.14 0.000431353
8571.43 3061.22 0.00100224
8571.43 3265.31 0.00122075
8571.43 3469.39 0.00100723
8571.43 3673.47 0.000455425
8571.43 3877.55 -0.00021736
8571.43 4081.63 -0.000763013
8571.43 4285.71 -0.000989224
8571.43 4489.8 -0.000810964
8571.43 4693.88 -0.00026013
8571.43 4897.96 0.000541844
8571.43 5102.04 0.001432
8571.43 5306.12 0.00225134
8571.43 5510.2 0.00287149
8571.43 5714.29 0.00319845
8571.43 5918.37 0.00316486
8571.43 6122.45 0.00273172
8571.43 6326.53 0.00191094
8571.43 6530.61 0.000800037
8571.43 6734.69 -0.000399676
8571.43 6938.78 -0.00141524
8571.43 7142.86 -0.00198805
8571.43 7346.94 -0.00197362
8571.43 7551.02 -0.0014056
8571.43 7755.1 -0.000495577
8571.43 7959.18 0.000434214
8571.43 8163.27 0.00106572
8571.43 8367.35 0.00120528
8571.43 8571.43 0.00085822
8571.43 8775.51 0.000222188
8571.43 8979.59 -0.000401557
8571.43 9183.67 -0.000741254
8571.43 9387.75 -0.000672275
8571.43 9591.84 -0.000263863
8571.43 9795.92 0.00027165
8571.43 10000 0.000705227
8775.51 0 0.000290635
8775.51 204.082 9.15764e-05
8775.51 408.163 -0.00014502
8775.51 612.245 -0.000302987
8775.51 816.327 -0.000282979
8775.51 1020.41 -7.01531e-05
8775.51 1224.49 0.000240146
8775.51 1428.57 0.000478819
8775.51 1632.65 0.000491213
8775.51 1836.73 0.000227835
8775.51 2040.82 -0.000219826
8775.51 2244.9 -0.000659304
8775.51 2448.98 -0.000889365
8775.51 2653.06 -0.000796682
8775.51 2857.14 -0.000408092
8775.51 3061.22 0.000124288
8775.51 3265.31 0.000590631
8775.51 3469.39 0.000809917
8775.51 3673.47 0.000698421
8775.51 3877.55 0.000290149
8775.51 4081.63 -0.000292102
8775.51 4285.71 -0.000890079
8775.51 4489.8 -0.00136357
8775.51 4693.88 -0.00162893
8775.51 4897.96 -0.00167347
8775.51 5102.04 -0.0015462
8775.51 5306.12 -0.00133518
8775.51 5510.2 -0.00114262
8775.51 5714.29 -0.00106289
8775.51 5918.37 -0.00116128
8775.51 6122.45 -0.00144982
8775.51 6326.53 -0.00186788
8775.51 6530.61 -0.00228349
8775.51 6734.69 -0.00252543
8775.51 6938.78 -0.00244539
8775.51 7142.86 -0.00198696
8775.51 7346.94 -0.00122284
8775.51 7551.02 -0.000337332
8775.51 7755.1 0.000437662
8775.51 7959.18 0.000905969
8775.51 8163.27 0.000977286
8775.51 8367.35 0.000696802
8775.51 8571.43 0.000222188
8775.51 8775.51 -0.000242505
8775.51 8979.59 -0.000526704
8775.51 9183.67 -0.000550344
8775.51 9387.75 -0.00033707
8775.51 9591.84 1.17135e-05
8775.51 9795.92 0.00036541
8775.51 10000 0.000618847
8979.59 0 0.000422755
8979.59 204.082 0.000226265
8979.59 408.163 -5.73078e-05
8979.59 612.245 -0.000321099
8979.59 816.327 -0.000441904
8979.59 1020.41 -0.000346455
8979.59 1224.49 -5.88458e-05
8979.59 1428.57 0.000297877
8979.59 1632.65 0.000554881
8979.59 1836.73 0.00058013
8979.59 2040.82 0.000344291
8979.59 2244.9 -6.49469e-05
8979.59 2448.98 -0.00048502
8979.59 2653.06 -0.000752496
8979.59 2857.14 -0.000770673
8979.59 3061.22 -0.000543127
8979.59 3265.31 -0.0001667
8979.59 3469.39 0.000209945
8979.59 3673.47 0.000445402
8979.59 3877.55 0.000453345
8979.59 4081.63 0.000219489
8979.59 4285.71 -0.00020797
8979.59 4489.8 -0.000742994
8979.59 4693.88 -0.00129276
8979.59 4897.96 -0.00178414
8979.59 5102.04 -0.00217621
8979.59 5306.12 -0.0024591
8979.59 5510.2 -0.00264567
8979.59 5714.29 -0.00276053
8979.59 5918.37 -0.00282489
8979.59 6122.45 -0.00283565
8979.59 6326.53 -0.00275249
8979.59 6530.61 -0.00251025
8979.59 6734.69 -0.00205638
8979.59 6938.78 -0.00139571
8979.59 7142.86 -0.000615903
8979.59 7346.94 0.00012739
8979.59 7551.02 0.000663608
8979.59 7755.1 0.000874773
8979.59 7959.18 0.000746115
8979.59 8163.27 0.000375534
8979.59 8367.35 -6.5216e-05
8979.59 8571.43 -0.000401557
8979.59 8775.51 -0.000526704
8979.59 8979.59 -0.000437325
8979.59 9183.67 -0.00021476
8979.59 9387.75 3.41506e-05
8979.59 9591.84 0.000233633
8979.59 9795.92 0.000359323
8979.59 10000 0.000423152
9183.67 0 0.000394049
9183.67 204.082 0.000255317
9183.67 408.163 2.48591e-05
9183.67 612.245 -0.000231128
9183.67 816.327 -0.000413413
9183.67 1020.41 -0.000433713
9183.67 1224.49 -0.000260862
9183.67 1428.57 5.39585e-05
9183.67 1632.65 0.000391005
9183.67 1836.73 0.000612176
9183.67 2040.82 0.000622292
9183.67 2244.9 0.000409249
9183.67 2448.98 4.54141e-05
9183.67 2653.06 -0.000344156
9183.67 2857.14 -0.000628649
9183.67 3061.22 -0.000716911
9183.67 3265.31 -0.000588386
9183.67 3469.39 -0.000297139
9183.67 3673.47 5.48948e-05
9183.67 3877.55 0.000358615
9183.67 4081.63 0.000529106
9183.67 4285.71 0.000522544
9183.67 4489.8 0.000341526
9183.67 4693.88 2.65471e-05
9183.67 4897.96 -0.000362107
9183.67 5102.04 -0.000760324
9183.67 5306.12 -0.00110918
9183.67 5510.2 -0.0013612
9183.67 5714.29 -0.00148698
9183.67 5918.37 -0.00147655
9183.67 6122.45 -0.00132879
9183.67 6326.53 -0.00104123
9183.67 6530.61 -0.000617995
9183.67 6734.69 -9.28043e-05
9183.67 6938.78 0.000453899
9183.67 7142.86 0.000902954
9183.67 7346.94 0.00113272
9183.67 7551.02 0.00106852
9183.67 7755.1 0.000722268
9183.67 7959.18 0.000201857
9183.67 8163.27 -0.000319666
9183.67 8367.35 -0.000668411
9183.67 8571.43 -0.000741254
9183.67 8775.51 -0.000550344
9183.67 8979.59 -0.00021476
9183.67 9183.67 0.00010348
9183.67 9387.75 0.000285943
9183.67 9591.84 0.000310869
9183.67 9795.92 0.000241356
9183.67 10000 0.000165506
9387.75 0 0.000217915
9387.75 204.082 0.000169613
9387.75 408.163 6.88382e-05
9387.75 612.245 -7.43031e-05
9387.75 816.327 -0.000219319
9387.75 1020.41 -0.000305365
9387.75 1224.49 -0.000278838
9387.75 1428.57 -0.000124723
9387.75 1632.65 0.000117378
9387.75 1836.73 0.000364552
9387.75 2040.82 0.000523978
9387.75 2244.9 0.000530055
9387.75 2448.98 0.000369191
9387.75 2653.06 8.64221e-05
9387.75 2857.14 -0.000227193
9387.75 3061.22 -0.000465641
9387.75 3265.31 -0.000548097
9387.75 3469.39 -0.000447601
9387.75 3673.47 -0.000192338
9387.75 3877.55 0.000154006
9387.75 4081.63 0.000513629
9387.75 4285.71 0.000813672
9387.75 4489.8 0.00100542
9387.75 4693.88 0.00107424
9387.75 4897.96 0.00103567
9387.75 5102.04 0.000926591
9387.75 5306.12 0.000796978
9387.75 5510.2 0.000699333
9387.75 5714.29 0.000672876
9387.75 5918.37 0.000731143
9387.75 6122.45 0.000865319
9387.75 6326.53 0.00105554
9387.75 6530.61 0.00127212
9387.75 6734.69 0.0014672
9387.75 6938.78 0.00157314
9387.75 7142.86 0.00151933
9387.75 7346.94 0.00126246
9387.75 7551.02 0.000814093
9387.75 7755.1 0.000251521
9387.75 7959.18 -0.000295915
9387.75 8163.27 -0.000685914
9387.75 8367.35 -0.000816676
9387.75 8571.43 -0.000672275
9387.75 8775.51 -0.00033707
9387.75 8979.59 3.41506e-05
9387.75 9183.67 0.000285943
9387.75 9387.75 0.000338385
9387.75 9591.84 0.00022014
9387.75 9795.92 3.70137e-05
9387.75 10000 -9.99333e-05
9591.84 0 -3.43888e-05
9591.84 204.082 1.05619e-05
9591.84 408.163 6.62538e-05
9591.84 612.245 8.96865e-05
9591.84 816.327 5.17106e-05
9591.84 1020.41 -3.87589e-05
9591.84 1224.49 -0.000136327
9591.84 1428.57 -0.000183581
9591.84 1632.65 -0.00014266
9591.84 1836.73 -1.57324e-05
9591.84 2040.82 0.000154338
9591.84 2244.9 0.000300979
9591.84 2448.98 0.000361422
9591.84 2653.06 0.000305119
9591.84 2857.14 0.000150575
9591.84 3061.22 -4.18096e-05
9591.84 3265.31 -0.000198954
9591.84 3469.39 -0.00026496
9591.84 3673.47 -0.000213387
9591.84 3877.55 -4.5408e-05
9591.84 4081.63 0.000212962
9591.84 4285.71 0.000516418
9591.84 4489.8 0.000815729
9591.84 4693.88 0.00107343
9591.84 4897.96 0.00126993
9591.84 5102.04 0.00140355
9591.84 5306.12 0.00148876
9591.84 5510.2 0.00154976
9591.84 5714.29 0.00160611
9591.84 5918.37 0.00165893
9591.84 6122.45 0.00169221
9591.84 6326.53 0.00168594
9591.84 6530.61 0.0016241
9591.84 6734.69 0.00149316
9591.84 6938.78 0.00128051
9591.84 7142.86 0.00098111
9591.84 7346.94 0.000609122
9591.84 7551.02 0.000204458
9591.84 7755.1 -0.000170009
9591.84 7959.18 -0.000441711
9591.84 8163.27 -0.000551755
9591.84 8367.35 -0.000480677
9591.84 8571.43 -0.000263863
9591.84 8775.51 1.17135e-05
9591.84 8979.59 0.000233633
9591.84 9183.67 0.000310869
9591.84 9387.75 0.00022014
9591.84 9591.84 1.81279e-05
9591.84 9795.92 -0.000192251
9591.84 10000 -0.000320011
9795.92 0 -0.000266404
9795.92 204.082 -0.000151009
9795.92 408.163 3.34871e-05
9795.92 612.245 0.000208579
9795.92 816.327 0.000289735
9795.92 1020.41 0.000234521
9795.92 1224.49 6.43498e-05
9795.92 1428.57 -0.000147674
9795.92 1632.65 -0.0003119
9795.92 1836.73 -0.000360719
9795.92 2040.82 -0.000275086
9795.92 2244.9 -9.01605e-05
9795.92 2448.98 0.000121945
9795.92 2653.06 0.000284959
9795.92 2857.14 0.000351248
9795.92 3061.22 0.000315131
9795.92 3265.31 0.000201862
9795.92 3469.39 5.03352e-05
9795.92 3673.47 -9.59547e-05
9795.92 3877.55 -0.000194994
9795.92 4081.63 -0.000217977
9795.92 4285.71 -0.000159738
9795.92 4489.8 -3.63626e-05
9795.92 4693.88 0.00012555
9795.92 4897.96 0.000297849
9795.92 5102.04 0.000456757
9795.92 5306.12 0.000587523
9795.92 5510.2 0.00068474
9795.92 5714.29 0.000744617
9795.92 5918.37 0.00075586
9795.92 6122.45 0.000702431
9795.92 6326.53 0.000577006
9795.92 6530.61 0.000390495
9795.92 6734.69 0.00017027
9795.92 6938.78 -4.86865e-05
9795.92 7142.86 -0.000232068
9795.92 7346.94 -0.000352188
9795.92 7551.02 -0.000392786
9795.92 7755.1 -0.000350877
9795.92 7959.18 -0.000236052
9795.92 8163.27 -7.04019e-05
9795.92 8367.35 0.000112431
9795.92 8571.43 0.00027165
9795.92 8775.51 0.00036541
9795.92 8979.59 0.000359323
9795.92 9183.67 0.000241356
9795.92 9387.75 3.70137e-05
9795.92 9591.84 -0.000192251
9795.92 9795.92 -0.000373309
9795.92 10000 -0.000454911
10000 0 -0.000401425
10000 204.082 -0.000251133
10000 408.163 -5.8855e-07
10000 612.245 0.000259747
10000 816.327 0.000419888
10000 1020.41 0.000406492
10000 1224.49 0.000217761
10000 1428.57 -7.74866e-05
10000 1632.65 -0.000370835
10000 1836.73 -0.000557301
10000 2040.82 -0.00057357
10000 2244.9 -0.000418701
10000 2448.98 -0.00015
10000 2653.06 0.000143347
10000 2857.14 0.000375728
10000 3061.22 0.000489493
10000 3265.31 0.000459674
10000 3469.39 0.000291299
10000 3673.47 1.83084e-05
10000 3877.55 -0.000302878
10000 4081.63 -0.000610843
10000 4285.71 -0.000859222
10000 4489.8 -0.00102626
10000 4693.88 -0.00111275
10000 4897.96 -0.00113537
10000 5102.04 -0.00111892
10000 5306.12 -0.00108823
10000 5510.2 -0.00106312
10000 5714.29 -0.00105976
10000 5918.37 -0.0010939
10000 6122.45 -0.00117622
10000 6326.53 -0.00130046
10000 6530.61 -0.00143644
10000 6734.69 -0.00153505
10000 6938.78 -0.00154302
10000 7142.86 -0.00142068
10000 7346.94 -0.00115709
10000 7551.02 -0.000777328
10000 7755.1 -0.000337377
10000 7959.18 9.06334e-05
10000 8163.27 0.000436311
10000 8367.35 0.000648095
10000 8571.43 0.000705227
10000 8775.51 0.000618847
10000 8979.59 0.000423152
10000 9183.67 0.000165506
10000 9387.75 -9.99333e-05
10000 9591.84 -0.000320011
10000 9795.92 -0.000454911
10000 10000 -0.000489801
